id,codigoEstacao,codigoAdicional,aneelPlu,aneelFlu,nome,latitude,longitude,altitude,ultimaAtualizacao,baciaCodigo,codigoNomeBacia,codigoNomeSubBacia,nomeRio,nomeEstado,nomeMunicipio,subBaciaCodigo,rioCodigo,estadoCodigo,municipioCodigo,responsavelCodigo,operadoraCodigo,menorDataPeriodo,maiorDataPeriodo,responsavelSigla,operadoraSigla,tipoEstacao,operando,codigoNome,selecionada,baixarChuva,baixarNivel,baixarVazao,latFormatada,lonFormatada,peridoDisponibilidade,horQChuva,horChuva,horQNivelAdotado,horNivelAdotado,horQVazao,horVazao
"{'horEstacao': 111639090, 'horDataHora': '2023-01-01T10:00:00.000+0000'}",50496600,50496600,50496600,,AÇUDE ARACI MONTANTE (OLARIA DO CAPISTANA),-11.2714,-39.1647,,2024-02-09T15:23:11.640+0000,5,"5 - Atlântico, Trecho Leste","50 - RIOS VAZA-BARRIS,ITAPICURU E .",RIO ITAPICURU,BAHIA,ARACI,50,50500000,16,16021000,114,114,2020-12-28T10:00:00.000+0000,2024-04-03T20:00:00.000+0000,INEMA-BA,INEMA-BA,Fluviométrica,1,111639090 - AÇUDE ARACI MONTANTE (OLARIA DO CAPISTANA),,False,False,False,S 11° 16' 17.04'',W 39° 9' 52.92'',28/12/2020 à 03/04/2024,,,6.0,,,
"{'horEstacao': 111639090, 'horDataHora': '2023-01-01T20:00:00.000+0000'}",50496600,50496600,50496600,,AÇUDE ARACI MONTANTE (OLARIA DO CAPISTANA),-11.2714,-39.1647,,2024-02-09T15:23:11.640+0000,5,"5 - Atlântico, Trecho Leste","50 - RIOS VAZA-BARRIS,ITAPICURU E .",RIO ITAPICURU,BAHIA,ARACI,50,50500000,16,16021000,114,114,2020-12-28T10:00:00.000+0000,2024-04-03T20:00:00.000+0000,INEMA-BA,INEMA-BA,Fluviométrica,1,111639090 - AÇUDE ARACI MONTANTE (OLARIA DO CAPISTANA),,False,False,False,S 11° 16' 17.04'',W 39° 9' 52.92'',28/12/2020 à 03/04/2024,,,6.0,,,
"{'horEstacao': 111639090, 'horDataHora': '2023-01-02T10:00:00.000+0000'}",50496600,50496600,50496600,,AÇUDE ARACI MONTANTE (OLARIA DO CAPISTANA),-11.2714,-39.1647,,2024-02-09T15:23:11.640+0000,5,"5 - Atlântico, Trecho Leste","50 - RIOS VAZA-BARRIS,ITAPICURU E .",RIO ITAPICURU,BAHIA,ARACI,50,50500000,16,16021000,114,114,2020-12-28T10:00:00.000+0000,2024-04-03T20:00:00.000+0000,INEMA-BA,INEMA-BA,Fluviométrica,1,111639090 - AÇUDE ARACI MONTANTE (OLARIA DO CAPISTANA),,False,False,False,S 11° 16' 17.04'',W 39° 9' 52.92'',28/12/2020 à 03/04/2024,,,6.0,,,
"{'horEstacao': 111639090, 'horDataHora': '2023-01-02T20:00:00.000+0000'}",50496600,50496600,50496600,,AÇUDE ARACI MONTANTE (OLARIA DO CAPISTANA),-11.2714,-39.1647,,2024-02-09T15:23:11.640+0000,5,"5 - Atlântico, Trecho Leste","50 - RIOS VAZA-BARRIS,ITAPICURU E .",RIO ITAPICURU,BAHIA,ARACI,50,50500000,16,16021000,114,114,2020-12-28T10:00:00.000+0000,2024-04-03T20:00:00.000+0000,INEMA-BA,INEMA-BA,Fluviométrica,1,111639090 - AÇUDE ARACI MONTANTE (OLARIA DO CAPISTANA),,False,False,False,S 11° 16' 17.04'',W 39° 9' 52.92'',28/12/2020 à 03/04/2024,,,6.0,,,
"{'horEstacao': 111639090, 'horDataHora': '2023-01-03T10:00:00.000+0000'}",50496600,50496600,50496600,,AÇUDE ARACI MONTANTE (OLARIA DO CAPISTANA),-11.2714,-39.1647,,2024-02-09T15:23:11.640+0000,5,"5 - Atlântico, Trecho Leste","50 - RIOS VAZA-BARRIS,ITAPICURU E .",RIO ITAPICURU,BAHIA,ARACI,50,50500000,16,16021000,114,114,2020-12-28T10:00:00.000+0000,2024-04-03T20:00:00.000+0000,INEMA-BA,INEMA-BA,Fluviométrica,1,111639090 - AÇUDE ARACI MONTANTE (OLARIA DO CAPISTANA),,False,False,False,S 11° 16' 17.04'',W 39° 9' 52.92'',28/12/2020 à 03/04/2024,,,6.0,,,
"{'horEstacao': 111639090, 'horDataHora': '2023-01-03T20:00:00.000+0000'}",50496600,50496600,50496600,,AÇUDE ARACI MONTANTE (OLARIA DO CAPISTANA),-11.2714,-39.1647,,2024-02-09T15:23:11.640+0000,5,"5 - Atlântico, Trecho Leste","50 - RIOS VAZA-BARRIS,ITAPICURU E .",RIO ITAPICURU,BAHIA,ARACI,50,50500000,16,16021000,114,114,2020-12-28T10:00:00.000+0000,2024-04-03T20:00:00.000+0000,INEMA-BA,INEMA-BA,Fluviométrica,1,111639090 - AÇUDE ARACI MONTANTE (OLARIA DO CAPISTANA),,False,False,False,S 11° 16' 17.04'',W 39° 9' 52.92'',28/12/2020 à 03/04/2024,,,6.0,,,
"{'horEstacao': 111639090, 'horDataHora': '2023-01-04T10:00:00.000+0000'}",50496600,50496600,50496600,,AÇUDE ARACI MONTANTE (OLARIA DO CAPISTANA),-11.2714,-39.1647,,2024-02-09T15:23:11.640+0000,5,"5 - Atlântico, Trecho Leste","50 - RIOS VAZA-BARRIS,ITAPICURU E .",RIO ITAPICURU,BAHIA,ARACI,50,50500000,16,16021000,114,114,2020-12-28T10:00:00.000+0000,2024-04-03T20:00:00.000+0000,INEMA-BA,INEMA-BA,Fluviométrica,1,111639090 - AÇUDE ARACI MONTANTE (OLARIA DO CAPISTANA),,False,False,False,S 11° 16' 17.04'',W 39° 9' 52.92'',28/12/2020 à 03/04/2024,,,0.0,270.0,,
"{'horEstacao': 111639090, 'horDataHora': '2023-01-04T20:00:00.000+0000'}",50496600,50496600,50496600,,AÇUDE ARACI MONTANTE (OLARIA DO CAPISTANA),-11.2714,-39.1647,,2024-02-09T15:23:11.640+0000,5,"5 - Atlântico, Trecho Leste","50 - RIOS VAZA-BARRIS,ITAPICURU E .",RIO ITAPICURU,BAHIA,ARACI,50,50500000,16,16021000,114,114,2020-12-28T10:00:00.000+0000,2024-04-03T20:00:00.000+0000,INEMA-BA,INEMA-BA,Fluviométrica,1,111639090 - AÇUDE ARACI MONTANTE (OLARIA DO CAPISTANA),,False,False,False,S 11° 16' 17.04'',W 39° 9' 52.92'',28/12/2020 à 03/04/2024,,,0.0,258.0,,
"{'horEstacao': 111639090, 'horDataHora': '2023-01-05T10:00:00.000+0000'}",50496600,50496600,50496600,,AÇUDE ARACI MONTANTE (OLARIA DO CAPISTANA),-11.2714,-39.1647,,2024-02-09T15:23:11.640+0000,5,"5 - Atlântico, Trecho Leste","50 - RIOS VAZA-BARRIS,ITAPICURU E .",RIO ITAPICURU,BAHIA,ARACI,50,50500000,16,16021000,114,114,2020-12-28T10:00:00.000+0000,2024-04-03T20:00:00.000+0000,INEMA-BA,INEMA-BA,Fluviométrica,1,111639090 - AÇUDE ARACI MONTANTE (OLARIA DO CAPISTANA),,False,False,False,S 11° 16' 17.04'',W 39° 9' 52.92'',28/12/2020 à 03/04/2024,,,0.0,254.0,,
"{'horEstacao': 111639090, 'horDataHora': '2023-01-05T20:00:00.000+0000'}",50496600,50496600,50496600,,AÇUDE ARACI MONTANTE (OLARIA DO CAPISTANA),-11.2714,-39.1647,,2024-02-09T15:23:11.640+0000,5,"5 - Atlântico, Trecho Leste","50 - RIOS VAZA-BARRIS,ITAPICURU E .",RIO ITAPICURU,BAHIA,ARACI,50,50500000,16,16021000,114,114,2020-12-28T10:00:00.000+0000,2024-04-03T20:00:00.000+0000,INEMA-BA,INEMA-BA,Fluviométrica,1,111639090 - AÇUDE ARACI MONTANTE (OLARIA DO CAPISTANA),,False,False,False,S 11° 16' 17.04'',W 39° 9' 52.92'',28/12/2020 à 03/04/2024,,,0.0,248.0,,
"{'horEstacao': 111639090, 'horDataHora': '2023-01-06T10:00:00.000+0000'}",50496600,50496600,50496600,,AÇUDE ARACI MONTANTE (OLARIA DO CAPISTANA),-11.2714,-39.1647,,2024-02-09T15:23:11.640+0000,5,"5 - Atlântico, Trecho Leste","50 - RIOS VAZA-BARRIS,ITAPICURU E .",RIO ITAPICURU,BAHIA,ARACI,50,50500000,16,16021000,114,114,2020-12-28T10:00:00.000+0000,2024-04-03T20:00:00.000+0000,INEMA-BA,INEMA-BA,Fluviométrica,1,111639090 - AÇUDE ARACI MONTANTE (OLARIA DO CAPISTANA),,False,False,False,S 11° 16' 17.04'',W 39° 9' 52.92'',28/12/2020 à 03/04/2024,,,0.0,246.0,,
"{'horEstacao': 111639090, 'horDataHora': '2023-01-06T20:00:00.000+0000'}",50496600,50496600,50496600,,AÇUDE ARACI MONTANTE (OLARIA DO CAPISTANA),-11.2714,-39.1647,,2024-02-09T15:23:11.640+0000,5,"5 - Atlântico, Trecho Leste","50 - RIOS VAZA-BARRIS,ITAPICURU E .",RIO ITAPICURU,BAHIA,ARACI,50,50500000,16,16021000,114,114,2020-12-28T10:00:00.000+0000,2024-04-03T20:00:00.000+0000,INEMA-BA,INEMA-BA,Fluviométrica,1,111639090 - AÇUDE ARACI MONTANTE (OLARIA DO CAPISTANA),,False,False,False,S 11° 16' 17.04'',W 39° 9' 52.92'',28/12/2020 à 03/04/2024,,,0.0,240.0,,
"{'horEstacao': 111639090, 'horDataHora': '2023-01-07T10:00:00.000+0000'}",50496600,50496600,50496600,,AÇUDE ARACI MONTANTE (OLARIA DO CAPISTANA),-11.2714,-39.1647,,2024-02-09T15:23:11.640+0000,5,"5 - Atlântico, Trecho Leste","50 - RIOS VAZA-BARRIS,ITAPICURU E .",RIO ITAPICURU,BAHIA,ARACI,50,50500000,16,16021000,114,114,2020-12-28T10:00:00.000+0000,2024-04-03T20:00:00.000+0000,INEMA-BA,INEMA-BA,Fluviométrica,1,111639090 - AÇUDE ARACI MONTANTE (OLARIA DO CAPISTANA),,False,False,False,S 11° 16' 17.04'',W 39° 9' 52.92'',28/12/2020 à 03/04/2024,,,0.0,233.0,,
"{'horEstacao': 111639090, 'horDataHora': '2023-01-07T20:00:00.000+0000'}",50496600,50496600,50496600,,AÇUDE ARACI MONTANTE (OLARIA DO CAPISTANA),-11.2714,-39.1647,,2024-02-09T15:23:11.640+0000,5,"5 - Atlântico, Trecho Leste","50 - RIOS VAZA-BARRIS,ITAPICURU E .",RIO ITAPICURU,BAHIA,ARACI,50,50500000,16,16021000,114,114,2020-12-28T10:00:00.000+0000,2024-04-03T20:00:00.000+0000,INEMA-BA,INEMA-BA,Fluviométrica,1,111639090 - AÇUDE ARACI MONTANTE (OLARIA DO CAPISTANA),,False,False,False,S 11° 16' 17.04'',W 39° 9' 52.92'',28/12/2020 à 03/04/2024,,,0.0,230.0,,
"{'horEstacao': 111639090, 'horDataHora': '2023-01-08T10:00:00.000+0000'}",50496600,50496600,50496600,,AÇUDE ARACI MONTANTE (OLARIA DO CAPISTANA),-11.2714,-39.1647,,2024-02-09T15:23:11.640+0000,5,"5 - Atlântico, Trecho Leste","50 - RIOS VAZA-BARRIS,ITAPICURU E .",RIO ITAPICURU,BAHIA,ARACI,50,50500000,16,16021000,114,114,2020-12-28T10:00:00.000+0000,2024-04-03T20:00:00.000+0000,INEMA-BA,INEMA-BA,Fluviométrica,1,111639090 - AÇUDE ARACI MONTANTE (OLARIA DO CAPISTANA),,False,False,False,S 11° 16' 17.04'',W 39° 9' 52.92'',28/12/2020 à 03/04/2024,,,6.0,,,
"{'horEstacao': 111639090, 'horDataHora': '2023-01-08T20:00:00.000+0000'}",50496600,50496600,50496600,,AÇUDE ARACI MONTANTE (OLARIA DO CAPISTANA),-11.2714,-39.1647,,2024-02-09T15:23:11.640+0000,5,"5 - Atlântico, Trecho Leste","50 - RIOS VAZA-BARRIS,ITAPICURU E .",RIO ITAPICURU,BAHIA,ARACI,50,50500000,16,16021000,114,114,2020-12-28T10:00:00.000+0000,2024-04-03T20:00:00.000+0000,INEMA-BA,INEMA-BA,Fluviométrica,1,111639090 - AÇUDE ARACI MONTANTE (OLARIA DO CAPISTANA),,False,False,False,S 11° 16' 17.04'',W 39° 9' 52.92'',28/12/2020 à 03/04/2024,,,6.0,,,
"{'horEstacao': 111639090, 'horDataHora': '2023-01-09T10:00:00.000+0000'}",50496600,50496600,50496600,,AÇUDE ARACI MONTANTE (OLARIA DO CAPISTANA),-11.2714,-39.1647,,2024-02-09T15:23:11.640+0000,5,"5 - Atlântico, Trecho Leste","50 - RIOS VAZA-BARRIS,ITAPICURU E .",RIO ITAPICURU,BAHIA,ARACI,50,50500000,16,16021000,114,114,2020-12-28T10:00:00.000+0000,2024-04-03T20:00:00.000+0000,INEMA-BA,INEMA-BA,Fluviométrica,1,111639090 - AÇUDE ARACI MONTANTE (OLARIA DO CAPISTANA),,False,False,False,S 11° 16' 17.04'',W 39° 9' 52.92'',28/12/2020 à 03/04/2024,,,6.0,,,
"{'horEstacao': 111639090, 'horDataHora': '2023-01-09T20:00:00.000+0000'}",50496600,50496600,50496600,,AÇUDE ARACI MONTANTE (OLARIA DO CAPISTANA),-11.2714,-39.1647,,2024-02-09T15:23:11.640+0000,5,"5 - Atlântico, Trecho Leste","50 - RIOS VAZA-BARRIS,ITAPICURU E .",RIO ITAPICURU,BAHIA,ARACI,50,50500000,16,16021000,114,114,2020-12-28T10:00:00.000+0000,2024-04-03T20:00:00.000+0000,INEMA-BA,INEMA-BA,Fluviométrica,1,111639090 - AÇUDE ARACI MONTANTE (OLARIA DO CAPISTANA),,False,False,False,S 11° 16' 17.04'',W 39° 9' 52.92'',28/12/2020 à 03/04/2024,,,6.0,,,
"{'horEstacao': 111639090, 'horDataHora': '2023-01-10T10:00:00.000+0000'}",50496600,50496600,50496600,,AÇUDE ARACI MONTANTE (OLARIA DO CAPISTANA),-11.2714,-39.1647,,2024-02-09T15:23:11.640+0000,5,"5 - Atlântico, Trecho Leste","50 - RIOS VAZA-BARRIS,ITAPICURU E .",RIO ITAPICURU,BAHIA,ARACI,50,50500000,16,16021000,114,114,2020-12-28T10:00:00.000+0000,2024-04-03T20:00:00.000+0000,INEMA-BA,INEMA-BA,Fluviométrica,1,111639090 - AÇUDE ARACI MONTANTE (OLARIA DO CAPISTANA),,False,False,False,S 11° 16' 17.04'',W 39° 9' 52.92'',28/12/2020 à 03/04/2024,,,6.0,,,
"{'horEstacao': 111639090, 'horDataHora': '2023-01-10T20:00:00.000+0000'}",50496600,50496600,50496600,,AÇUDE ARACI MONTANTE (OLARIA DO CAPISTANA),-11.2714,-39.1647,,2024-02-09T15:23:11.640+0000,5,"5 - Atlântico, Trecho Leste","50 - RIOS VAZA-BARRIS,ITAPICURU E .",RIO ITAPICURU,BAHIA,ARACI,50,50500000,16,16021000,114,114,2020-12-28T10:00:00.000+0000,2024-04-03T20:00:00.000+0000,INEMA-BA,INEMA-BA,Fluviométrica,1,111639090 - AÇUDE ARACI MONTANTE (OLARIA DO CAPISTANA),,False,False,False,S 11° 16' 17.04'',W 39° 9' 52.92'',28/12/2020 à 03/04/2024,,,6.0,,,
"{'horEstacao': 111639090, 'horDataHora': '2023-01-11T10:00:00.000+0000'}",50496600,50496600,50496600,,AÇUDE ARACI MONTANTE (OLARIA DO CAPISTANA),-11.2714,-39.1647,,2024-02-09T15:23:11.640+0000,5,"5 - Atlântico, Trecho Leste","50 - RIOS VAZA-BARRIS,ITAPICURU E .",RIO ITAPICURU,BAHIA,ARACI,50,50500000,16,16021000,114,114,2020-12-28T10:00:00.000+0000,2024-04-03T20:00:00.000+0000,INEMA-BA,INEMA-BA,Fluviométrica,1,111639090 - AÇUDE ARACI MONTANTE (OLARIA DO CAPISTANA),,False,False,False,S 11° 16' 17.04'',W 39° 9' 52.92'',28/12/2020 à 03/04/2024,,,6.0,,,
"{'horEstacao': 111639090, 'horDataHora': '2023-01-11T20:00:00.000+0000'}",50496600,50496600,50496600,,AÇUDE ARACI MONTANTE (OLARIA DO CAPISTANA),-11.2714,-39.1647,,2024-02-09T15:23:11.640+0000,5,"5 - Atlântico, Trecho Leste","50 - RIOS VAZA-BARRIS,ITAPICURU E .",RIO ITAPICURU,BAHIA,ARACI,50,50500000,16,16021000,114,114,2020-12-28T10:00:00.000+0000,2024-04-03T20:00:00.000+0000,INEMA-BA,INEMA-BA,Fluviométrica,1,111639090 - AÇUDE ARACI MONTANTE (OLARIA DO CAPISTANA),,False,False,False,S 11° 16' 17.04'',W 39° 9' 52.92'',28/12/2020 à 03/04/2024,,,6.0,,,
"{'horEstacao': 111639090, 'horDataHora': '2023-01-12T10:00:00.000+0000'}",50496600,50496600,50496600,,AÇUDE ARACI MONTANTE (OLARIA DO CAPISTANA),-11.2714,-39.1647,,2024-02-09T15:23:11.640+0000,5,"5 - Atlântico, Trecho Leste","50 - RIOS VAZA-BARRIS,ITAPICURU E .",RIO ITAPICURU,BAHIA,ARACI,50,50500000,16,16021000,114,114,2020-12-28T10:00:00.000+0000,2024-04-03T20:00:00.000+0000,INEMA-BA,INEMA-BA,Fluviométrica,1,111639090 - AÇUDE ARACI MONTANTE (OLARIA DO CAPISTANA),,False,False,False,S 11° 16' 17.04'',W 39° 9' 52.92'',28/12/2020 à 03/04/2024,,,6.0,,,
"{'horEstacao': 111639090, 'horDataHora': '2023-01-12T20:00:00.000+0000'}",50496600,50496600,50496600,,AÇUDE ARACI MONTANTE (OLARIA DO CAPISTANA),-11.2714,-39.1647,,2024-02-09T15:23:11.640+0000,5,"5 - Atlântico, Trecho Leste","50 - RIOS VAZA-BARRIS,ITAPICURU E .",RIO ITAPICURU,BAHIA,ARACI,50,50500000,16,16021000,114,114,2020-12-28T10:00:00.000+0000,2024-04-03T20:00:00.000+0000,INEMA-BA,INEMA-BA,Fluviométrica,1,111639090 - AÇUDE ARACI MONTANTE (OLARIA DO CAPISTANA),,False,False,False,S 11° 16' 17.04'',W 39° 9' 52.92'',28/12/2020 à 03/04/2024,,,6.0,,,
"{'horEstacao': 111639090, 'horDataHora': '2023-01-13T10:00:00.000+0000'}",50496600,50496600,50496600,,AÇUDE ARACI MONTANTE (OLARIA DO CAPISTANA),-11.2714,-39.1647,,2024-02-09T15:23:11.640+0000,5,"5 - Atlântico, Trecho Leste","50 - RIOS VAZA-BARRIS,ITAPICURU E .",RIO ITAPICURU,BAHIA,ARACI,50,50500000,16,16021000,114,114,2020-12-28T10:00:00.000+0000,2024-04-03T20:00:00.000+0000,INEMA-BA,INEMA-BA,Fluviométrica,1,111639090 - AÇUDE ARACI MONTANTE (OLARIA DO CAPISTANA),,False,False,False,S 11° 16' 17.04'',W 39° 9' 52.92'',28/12/2020 à 03/04/2024,,,6.0,,,
"{'horEstacao': 111639090, 'horDataHora': '2023-01-13T20:00:00.000+0000'}",50496600,50496600,50496600,,AÇUDE ARACI MONTANTE (OLARIA DO CAPISTANA),-11.2714,-39.1647,,2024-02-09T15:23:11.640+0000,5,"5 - Atlântico, Trecho Leste","50 - RIOS VAZA-BARRIS,ITAPICURU E .",RIO ITAPICURU,BAHIA,ARACI,50,50500000,16,16021000,114,114,2020-12-28T10:00:00.000+0000,2024-04-03T20:00:00.000+0000,INEMA-BA,INEMA-BA,Fluviométrica,1,111639090 - AÇUDE ARACI MONTANTE (OLARIA DO CAPISTANA),,False,False,False,S 11° 16' 17.04'',W 39° 9' 52.92'',28/12/2020 à 03/04/2024,,,6.0,,,
"{'horEstacao': 111639090, 'horDataHora': '2023-01-14T10:00:00.000+0000'}",50496600,50496600,50496600,,AÇUDE ARACI MONTANTE (OLARIA DO CAPISTANA),-11.2714,-39.1647,,2024-02-09T15:23:11.640+0000,5,"5 - Atlântico, Trecho Leste","50 - RIOS VAZA-BARRIS,ITAPICURU E .",RIO ITAPICURU,BAHIA,ARACI,50,50500000,16,16021000,114,114,2020-12-28T10:00:00.000+0000,2024-04-03T20:00:00.000+0000,INEMA-BA,INEMA-BA,Fluviométrica,1,111639090 - AÇUDE ARACI MONTANTE (OLARIA DO CAPISTANA),,False,False,False,S 11° 16' 17.04'',W 39° 9' 52.92'',28/12/2020 à 03/04/2024,,,6.0,,,
"{'horEstacao': 111639090, 'horDataHora': '2023-01-14T20:00:00.000+0000'}",50496600,50496600,50496600,,AÇUDE ARACI MONTANTE (OLARIA DO CAPISTANA),-11.2714,-39.1647,,2024-02-09T15:23:11.640+0000,5,"5 - Atlântico, Trecho Leste","50 - RIOS VAZA-BARRIS,ITAPICURU E .",RIO ITAPICURU,BAHIA,ARACI,50,50500000,16,16021000,114,114,2020-12-28T10:00:00.000+0000,2024-04-03T20:00:00.000+0000,INEMA-BA,INEMA-BA,Fluviométrica,1,111639090 - AÇUDE ARACI MONTANTE (OLARIA DO CAPISTANA),,False,False,False,S 11° 16' 17.04'',W 39° 9' 52.92'',28/12/2020 à 03/04/2024,,,6.0,,,
"{'horEstacao': 111639090, 'horDataHora': '2023-01-15T10:00:00.000+0000'}",50496600,50496600,50496600,,AÇUDE ARACI MONTANTE (OLARIA DO CAPISTANA),-11.2714,-39.1647,,2024-02-09T15:23:11.640+0000,5,"5 - Atlântico, Trecho Leste","50 - RIOS VAZA-BARRIS,ITAPICURU E .",RIO ITAPICURU,BAHIA,ARACI,50,50500000,16,16021000,114,114,2020-12-28T10:00:00.000+0000,2024-04-03T20:00:00.000+0000,INEMA-BA,INEMA-BA,Fluviométrica,1,111639090 - AÇUDE ARACI MONTANTE (OLARIA DO CAPISTANA),,False,False,False,S 11° 16' 17.04'',W 39° 9' 52.92'',28/12/2020 à 03/04/2024,,,6.0,,,
"{'horEstacao': 111639090, 'horDataHora': '2023-01-15T20:00:00.000+0000'}",50496600,50496600,50496600,,AÇUDE ARACI MONTANTE (OLARIA DO CAPISTANA),-11.2714,-39.1647,,2024-02-09T15:23:11.640+0000,5,"5 - Atlântico, Trecho Leste","50 - RIOS VAZA-BARRIS,ITAPICURU E .",RIO ITAPICURU,BAHIA,ARACI,50,50500000,16,16021000,114,114,2020-12-28T10:00:00.000+0000,2024-04-03T20:00:00.000+0000,INEMA-BA,INEMA-BA,Fluviométrica,1,111639090 - AÇUDE ARACI MONTANTE (OLARIA DO CAPISTANA),,False,False,False,S 11° 16' 17.04'',W 39° 9' 52.92'',28/12/2020 à 03/04/2024,,,6.0,,,
"{'horEstacao': 111639090, 'horDataHora': '2023-01-16T10:00:00.000+0000'}",50496600,50496600,50496600,,AÇUDE ARACI MONTANTE (OLARIA DO CAPISTANA),-11.2714,-39.1647,,2024-02-09T15:23:11.640+0000,5,"5 - Atlântico, Trecho Leste","50 - RIOS VAZA-BARRIS,ITAPICURU E .",RIO ITAPICURU,BAHIA,ARACI,50,50500000,16,16021000,114,114,2020-12-28T10:00:00.000+0000,2024-04-03T20:00:00.000+0000,INEMA-BA,INEMA-BA,Fluviométrica,1,111639090 - AÇUDE ARACI MONTANTE (OLARIA DO CAPISTANA),,False,False,False,S 11° 16' 17.04'',W 39° 9' 52.92'',28/12/2020 à 03/04/2024,,,6.0,,,
"{'horEstacao': 111639090, 'horDataHora': '2023-01-16T20:00:00.000+0000'}",50496600,50496600,50496600,,AÇUDE ARACI MONTANTE (OLARIA DO CAPISTANA),-11.2714,-39.1647,,2024-02-09T15:23:11.640+0000,5,"5 - Atlântico, Trecho Leste","50 - RIOS VAZA-BARRIS,ITAPICURU E .",RIO ITAPICURU,BAHIA,ARACI,50,50500000,16,16021000,114,114,2020-12-28T10:00:00.000+0000,2024-04-03T20:00:00.000+0000,INEMA-BA,INEMA-BA,Fluviométrica,1,111639090 - AÇUDE ARACI MONTANTE (OLARIA DO CAPISTANA),,False,False,False,S 11° 16' 17.04'',W 39° 9' 52.92'',28/12/2020 à 03/04/2024,,,6.0,,,
"{'horEstacao': 111639090, 'horDataHora': '2023-01-17T10:00:00.000+0000'}",50496600,50496600,50496600,,AÇUDE ARACI MONTANTE (OLARIA DO CAPISTANA),-11.2714,-39.1647,,2024-02-09T15:23:11.640+0000,5,"5 - Atlântico, Trecho Leste","50 - RIOS VAZA-BARRIS,ITAPICURU E .",RIO ITAPICURU,BAHIA,ARACI,50,50500000,16,16021000,114,114,2020-12-28T10:00:00.000+0000,2024-04-03T20:00:00.000+0000,INEMA-BA,INEMA-BA,Fluviométrica,1,111639090 - AÇUDE ARACI MONTANTE (OLARIA DO CAPISTANA),,False,False,False,S 11° 16' 17.04'',W 39° 9' 52.92'',28/12/2020 à 03/04/2024,,,6.0,,,
"{'horEstacao': 111639090, 'horDataHora': '2023-01-17T20:00:00.000+0000'}",50496600,50496600,50496600,,AÇUDE ARACI MONTANTE (OLARIA DO CAPISTANA),-11.2714,-39.1647,,2024-02-09T15:23:11.640+0000,5,"5 - Atlântico, Trecho Leste","50 - RIOS VAZA-BARRIS,ITAPICURU E .",RIO ITAPICURU,BAHIA,ARACI,50,50500000,16,16021000,114,114,2020-12-28T10:00:00.000+0000,2024-04-03T20:00:00.000+0000,INEMA-BA,INEMA-BA,Fluviométrica,1,111639090 - AÇUDE ARACI MONTANTE (OLARIA DO CAPISTANA),,False,False,False,S 11° 16' 17.04'',W 39° 9' 52.92'',28/12/2020 à 03/04/2024,,,6.0,,,
"{'horEstacao': 111639090, 'horDataHora': '2023-01-18T10:00:00.000+0000'}",50496600,50496600,50496600,,AÇUDE ARACI MONTANTE (OLARIA DO CAPISTANA),-11.2714,-39.1647,,2024-02-09T15:23:11.640+0000,5,"5 - Atlântico, Trecho Leste","50 - RIOS VAZA-BARRIS,ITAPICURU E .",RIO ITAPICURU,BAHIA,ARACI,50,50500000,16,16021000,114,114,2020-12-28T10:00:00.000+0000,2024-04-03T20:00:00.000+0000,INEMA-BA,INEMA-BA,Fluviométrica,1,111639090 - AÇUDE ARACI MONTANTE (OLARIA DO CAPISTANA),,False,False,False,S 11° 16' 17.04'',W 39° 9' 52.92'',28/12/2020 à 03/04/2024,,,6.0,,,
"{'horEstacao': 111639090, 'horDataHora': '2023-01-18T20:00:00.000+0000'}",50496600,50496600,50496600,,AÇUDE ARACI MONTANTE (OLARIA DO CAPISTANA),-11.2714,-39.1647,,2024-02-09T15:23:11.640+0000,5,"5 - Atlântico, Trecho Leste","50 - RIOS VAZA-BARRIS,ITAPICURU E .",RIO ITAPICURU,BAHIA,ARACI,50,50500000,16,16021000,114,114,2020-12-28T10:00:00.000+0000,2024-04-03T20:00:00.000+0000,INEMA-BA,INEMA-BA,Fluviométrica,1,111639090 - AÇUDE ARACI MONTANTE (OLARIA DO CAPISTANA),,False,False,False,S 11° 16' 17.04'',W 39° 9' 52.92'',28/12/2020 à 03/04/2024,,,6.0,,,
"{'horEstacao': 111639090, 'horDataHora': '2023-01-19T10:00:00.000+0000'}",50496600,50496600,50496600,,AÇUDE ARACI MONTANTE (OLARIA DO CAPISTANA),-11.2714,-39.1647,,2024-02-09T15:23:11.640+0000,5,"5 - Atlântico, Trecho Leste","50 - RIOS VAZA-BARRIS,ITAPICURU E .",RIO ITAPICURU,BAHIA,ARACI,50,50500000,16,16021000,114,114,2020-12-28T10:00:00.000+0000,2024-04-03T20:00:00.000+0000,INEMA-BA,INEMA-BA,Fluviométrica,1,111639090 - AÇUDE ARACI MONTANTE (OLARIA DO CAPISTANA),,False,False,False,S 11° 16' 17.04'',W 39° 9' 52.92'',28/12/2020 à 03/04/2024,,,6.0,,,
"{'horEstacao': 111639090, 'horDataHora': '2023-01-19T20:00:00.000+0000'}",50496600,50496600,50496600,,AÇUDE ARACI MONTANTE (OLARIA DO CAPISTANA),-11.2714,-39.1647,,2024-02-09T15:23:11.640+0000,5,"5 - Atlântico, Trecho Leste","50 - RIOS VAZA-BARRIS,ITAPICURU E .",RIO ITAPICURU,BAHIA,ARACI,50,50500000,16,16021000,114,114,2020-12-28T10:00:00.000+0000,2024-04-03T20:00:00.000+0000,INEMA-BA,INEMA-BA,Fluviométrica,1,111639090 - AÇUDE ARACI MONTANTE (OLARIA DO CAPISTANA),,False,False,False,S 11° 16' 17.04'',W 39° 9' 52.92'',28/12/2020 à 03/04/2024,,,6.0,,,
"{'horEstacao': 111639090, 'horDataHora': '2023-01-20T10:00:00.000+0000'}",50496600,50496600,50496600,,AÇUDE ARACI MONTANTE (OLARIA DO CAPISTANA),-11.2714,-39.1647,,2024-02-09T15:23:11.640+0000,5,"5 - Atlântico, Trecho Leste","50 - RIOS VAZA-BARRIS,ITAPICURU E .",RIO ITAPICURU,BAHIA,ARACI,50,50500000,16,16021000,114,114,2020-12-28T10:00:00.000+0000,2024-04-03T20:00:00.000+0000,INEMA-BA,INEMA-BA,Fluviométrica,1,111639090 - AÇUDE ARACI MONTANTE (OLARIA DO CAPISTANA),,False,False,False,S 11° 16' 17.04'',W 39° 9' 52.92'',28/12/2020 à 03/04/2024,,,6.0,,,
"{'horEstacao': 111639090, 'horDataHora': '2023-01-20T20:00:00.000+0000'}",50496600,50496600,50496600,,AÇUDE ARACI MONTANTE (OLARIA DO CAPISTANA),-11.2714,-39.1647,,2024-02-09T15:23:11.640+0000,5,"5 - Atlântico, Trecho Leste","50 - RIOS VAZA-BARRIS,ITAPICURU E .",RIO ITAPICURU,BAHIA,ARACI,50,50500000,16,16021000,114,114,2020-12-28T10:00:00.000+0000,2024-04-03T20:00:00.000+0000,INEMA-BA,INEMA-BA,Fluviométrica,1,111639090 - AÇUDE ARACI MONTANTE (OLARIA DO CAPISTANA),,False,False,False,S 11° 16' 17.04'',W 39° 9' 52.92'',28/12/2020 à 03/04/2024,,,6.0,,,
"{'horEstacao': 111639090, 'horDataHora': '2023-01-21T10:00:00.000+0000'}",50496600,50496600,50496600,,AÇUDE ARACI MONTANTE (OLARIA DO CAPISTANA),-11.2714,-39.1647,,2024-02-09T15:23:11.640+0000,5,"5 - Atlântico, Trecho Leste","50 - RIOS VAZA-BARRIS,ITAPICURU E .",RIO ITAPICURU,BAHIA,ARACI,50,50500000,16,16021000,114,114,2020-12-28T10:00:00.000+0000,2024-04-03T20:00:00.000+0000,INEMA-BA,INEMA-BA,Fluviométrica,1,111639090 - AÇUDE ARACI MONTANTE (OLARIA DO CAPISTANA),,False,False,False,S 11° 16' 17.04'',W 39° 9' 52.92'',28/12/2020 à 03/04/2024,,,6.0,,,
"{'horEstacao': 111639090, 'horDataHora': '2023-01-21T20:00:00.000+0000'}",50496600,50496600,50496600,,AÇUDE ARACI MONTANTE (OLARIA DO CAPISTANA),-11.2714,-39.1647,,2024-02-09T15:23:11.640+0000,5,"5 - Atlântico, Trecho Leste","50 - RIOS VAZA-BARRIS,ITAPICURU E .",RIO ITAPICURU,BAHIA,ARACI,50,50500000,16,16021000,114,114,2020-12-28T10:00:00.000+0000,2024-04-03T20:00:00.000+0000,INEMA-BA,INEMA-BA,Fluviométrica,1,111639090 - AÇUDE ARACI MONTANTE (OLARIA DO CAPISTANA),,False,False,False,S 11° 16' 17.04'',W 39° 9' 52.92'',28/12/2020 à 03/04/2024,,,6.0,,,
"{'horEstacao': 111639090, 'horDataHora': '2023-01-22T10:00:00.000+0000'}",50496600,50496600,50496600,,AÇUDE ARACI MONTANTE (OLARIA DO CAPISTANA),-11.2714,-39.1647,,2024-02-09T15:23:11.640+0000,5,"5 - Atlântico, Trecho Leste","50 - RIOS VAZA-BARRIS,ITAPICURU E .",RIO ITAPICURU,BAHIA,ARACI,50,50500000,16,16021000,114,114,2020-12-28T10:00:00.000+0000,2024-04-03T20:00:00.000+0000,INEMA-BA,INEMA-BA,Fluviométrica,1,111639090 - AÇUDE ARACI MONTANTE (OLARIA DO CAPISTANA),,False,False,False,S 11° 16' 17.04'',W 39° 9' 52.92'',28/12/2020 à 03/04/2024,,,6.0,,,
"{'horEstacao': 111639090, 'horDataHora': '2023-01-22T20:00:00.000+0000'}",50496600,50496600,50496600,,AÇUDE ARACI MONTANTE (OLARIA DO CAPISTANA),-11.2714,-39.1647,,2024-02-09T15:23:11.640+0000,5,"5 - Atlântico, Trecho Leste","50 - RIOS VAZA-BARRIS,ITAPICURU E .",RIO ITAPICURU,BAHIA,ARACI,50,50500000,16,16021000,114,114,2020-12-28T10:00:00.000+0000,2024-04-03T20:00:00.000+0000,INEMA-BA,INEMA-BA,Fluviométrica,1,111639090 - AÇUDE ARACI MONTANTE (OLARIA DO CAPISTANA),,False,False,False,S 11° 16' 17.04'',W 39° 9' 52.92'',28/12/2020 à 03/04/2024,,,6.0,,,
"{'horEstacao': 111639090, 'horDataHora': '2023-01-23T10:00:00.000+0000'}",50496600,50496600,50496600,,AÇUDE ARACI MONTANTE (OLARIA DO CAPISTANA),-11.2714,-39.1647,,2024-02-09T15:23:11.640+0000,5,"5 - Atlântico, Trecho Leste","50 - RIOS VAZA-BARRIS,ITAPICURU E .",RIO ITAPICURU,BAHIA,ARACI,50,50500000,16,16021000,114,114,2020-12-28T10:00:00.000+0000,2024-04-03T20:00:00.000+0000,INEMA-BA,INEMA-BA,Fluviométrica,1,111639090 - AÇUDE ARACI MONTANTE (OLARIA DO CAPISTANA),,False,False,False,S 11° 16' 17.04'',W 39° 9' 52.92'',28/12/2020 à 03/04/2024,,,6.0,,,
"{'horEstacao': 111639090, 'horDataHora': '2023-01-23T20:00:00.000+0000'}",50496600,50496600,50496600,,AÇUDE ARACI MONTANTE (OLARIA DO CAPISTANA),-11.2714,-39.1647,,2024-02-09T15:23:11.640+0000,5,"5 - Atlântico, Trecho Leste","50 - RIOS VAZA-BARRIS,ITAPICURU E .",RIO ITAPICURU,BAHIA,ARACI,50,50500000,16,16021000,114,114,2020-12-28T10:00:00.000+0000,2024-04-03T20:00:00.000+0000,INEMA-BA,INEMA-BA,Fluviométrica,1,111639090 - AÇUDE ARACI MONTANTE (OLARIA DO CAPISTANA),,False,False,False,S 11° 16' 17.04'',W 39° 9' 52.92'',28/12/2020 à 03/04/2024,,,6.0,,,
"{'horEstacao': 111639090, 'horDataHora': '2023-01-24T10:00:00.000+0000'}",50496600,50496600,50496600,,AÇUDE ARACI MONTANTE (OLARIA DO CAPISTANA),-11.2714,-39.1647,,2024-02-09T15:23:11.640+0000,5,"5 - Atlântico, Trecho Leste","50 - RIOS VAZA-BARRIS,ITAPICURU E .",RIO ITAPICURU,BAHIA,ARACI,50,50500000,16,16021000,114,114,2020-12-28T10:00:00.000+0000,2024-04-03T20:00:00.000+0000,INEMA-BA,INEMA-BA,Fluviométrica,1,111639090 - AÇUDE ARACI MONTANTE (OLARIA DO CAPISTANA),,False,False,False,S 11° 16' 17.04'',W 39° 9' 52.92'',28/12/2020 à 03/04/2024,,,6.0,,,
"{'horEstacao': 111639090, 'horDataHora': '2023-01-24T20:00:00.000+0000'}",50496600,50496600,50496600,,AÇUDE ARACI MONTANTE (OLARIA DO CAPISTANA),-11.2714,-39.1647,,2024-02-09T15:23:11.640+0000,5,"5 - Atlântico, Trecho Leste","50 - RIOS VAZA-BARRIS,ITAPICURU E .",RIO ITAPICURU,BAHIA,ARACI,50,50500000,16,16021000,114,114,2020-12-28T10:00:00.000+0000,2024-04-03T20:00:00.000+0000,INEMA-BA,INEMA-BA,Fluviométrica,1,111639090 - AÇUDE ARACI MONTANTE (OLARIA DO CAPISTANA),,False,False,False,S 11° 16' 17.04'',W 39° 9' 52.92'',28/12/2020 à 03/04/2024,,,6.0,,,
"{'horEstacao': 111639090, 'horDataHora': '2023-01-25T10:00:00.000+0000'}",50496600,50496600,50496600,,AÇUDE ARACI MONTANTE (OLARIA DO CAPISTANA),-11.2714,-39.1647,,2024-02-09T15:23:11.640+0000,5,"5 - Atlântico, Trecho Leste","50 - RIOS VAZA-BARRIS,ITAPICURU E .",RIO ITAPICURU,BAHIA,ARACI,50,50500000,16,16021000,114,114,2020-12-28T10:00:00.000+0000,2024-04-03T20:00:00.000+0000,INEMA-BA,INEMA-BA,Fluviométrica,1,111639090 - AÇUDE ARACI MONTANTE (OLARIA DO CAPISTANA),,False,False,False,S 11° 16' 17.04'',W 39° 9' 52.92'',28/12/2020 à 03/04/2024,,,6.0,,,
"{'horEstacao': 111639090, 'horDataHora': '2023-01-25T20:00:00.000+0000'}",50496600,50496600,50496600,,AÇUDE ARACI MONTANTE (OLARIA DO CAPISTANA),-11.2714,-39.1647,,2024-02-09T15:23:11.640+0000,5,"5 - Atlântico, Trecho Leste","50 - RIOS VAZA-BARRIS,ITAPICURU E .",RIO ITAPICURU,BAHIA,ARACI,50,50500000,16,16021000,114,114,2020-12-28T10:00:00.000+0000,2024-04-03T20:00:00.000+0000,INEMA-BA,INEMA-BA,Fluviométrica,1,111639090 - AÇUDE ARACI MONTANTE (OLARIA DO CAPISTANA),,False,False,False,S 11° 16' 17.04'',W 39° 9' 52.92'',28/12/2020 à 03/04/2024,,,6.0,,,
"{'horEstacao': 111639090, 'horDataHora': '2023-01-26T10:00:00.000+0000'}",50496600,50496600,50496600,,AÇUDE ARACI MONTANTE (OLARIA DO CAPISTANA),-11.2714,-39.1647,,2024-02-09T15:23:11.640+0000,5,"5 - Atlântico, Trecho Leste","50 - RIOS VAZA-BARRIS,ITAPICURU E .",RIO ITAPICURU,BAHIA,ARACI,50,50500000,16,16021000,114,114,2020-12-28T10:00:00.000+0000,2024-04-03T20:00:00.000+0000,INEMA-BA,INEMA-BA,Fluviométrica,1,111639090 - AÇUDE ARACI MONTANTE (OLARIA DO CAPISTANA),,False,False,False,S 11° 16' 17.04'',W 39° 9' 52.92'',28/12/2020 à 03/04/2024,,,6.0,,,
"{'horEstacao': 111639090, 'horDataHora': '2023-01-26T20:00:00.000+0000'}",50496600,50496600,50496600,,AÇUDE ARACI MONTANTE (OLARIA DO CAPISTANA),-11.2714,-39.1647,,2024-02-09T15:23:11.640+0000,5,"5 - Atlântico, Trecho Leste","50 - RIOS VAZA-BARRIS,ITAPICURU E .",RIO ITAPICURU,BAHIA,ARACI,50,50500000,16,16021000,114,114,2020-12-28T10:00:00.000+0000,2024-04-03T20:00:00.000+0000,INEMA-BA,INEMA-BA,Fluviométrica,1,111639090 - AÇUDE ARACI MONTANTE (OLARIA DO CAPISTANA),,False,False,False,S 11° 16' 17.04'',W 39° 9' 52.92'',28/12/2020 à 03/04/2024,,,6.0,,,
"{'horEstacao': 111639090, 'horDataHora': '2023-01-27T10:00:00.000+0000'}",50496600,50496600,50496600,,AÇUDE ARACI MONTANTE (OLARIA DO CAPISTANA),-11.2714,-39.1647,,2024-02-09T15:23:11.640+0000,5,"5 - Atlântico, Trecho Leste","50 - RIOS VAZA-BARRIS,ITAPICURU E .",RIO ITAPICURU,BAHIA,ARACI,50,50500000,16,16021000,114,114,2020-12-28T10:00:00.000+0000,2024-04-03T20:00:00.000+0000,INEMA-BA,INEMA-BA,Fluviométrica,1,111639090 - AÇUDE ARACI MONTANTE (OLARIA DO CAPISTANA),,False,False,False,S 11° 16' 17.04'',W 39° 9' 52.92'',28/12/2020 à 03/04/2024,,,6.0,,,
"{'horEstacao': 111639090, 'horDataHora': '2023-01-27T20:00:00.000+0000'}",50496600,50496600,50496600,,AÇUDE ARACI MONTANTE (OLARIA DO CAPISTANA),-11.2714,-39.1647,,2024-02-09T15:23:11.640+0000,5,"5 - Atlântico, Trecho Leste","50 - RIOS VAZA-BARRIS,ITAPICURU E .",RIO ITAPICURU,BAHIA,ARACI,50,50500000,16,16021000,114,114,2020-12-28T10:00:00.000+0000,2024-04-03T20:00:00.000+0000,INEMA-BA,INEMA-BA,Fluviométrica,1,111639090 - AÇUDE ARACI MONTANTE (OLARIA DO CAPISTANA),,False,False,False,S 11° 16' 17.04'',W 39° 9' 52.92'',28/12/2020 à 03/04/2024,,,6.0,,,
"{'horEstacao': 111639090, 'horDataHora': '2023-01-28T10:00:00.000+0000'}",50496600,50496600,50496600,,AÇUDE ARACI MONTANTE (OLARIA DO CAPISTANA),-11.2714,-39.1647,,2024-02-09T15:23:11.640+0000,5,"5 - Atlântico, Trecho Leste","50 - RIOS VAZA-BARRIS,ITAPICURU E .",RIO ITAPICURU,BAHIA,ARACI,50,50500000,16,16021000,114,114,2020-12-28T10:00:00.000+0000,2024-04-03T20:00:00.000+0000,INEMA-BA,INEMA-BA,Fluviométrica,1,111639090 - AÇUDE ARACI MONTANTE (OLARIA DO CAPISTANA),,False,False,False,S 11° 16' 17.04'',W 39° 9' 52.92'',28/12/2020 à 03/04/2024,,,6.0,,,
"{'horEstacao': 111639090, 'horDataHora': '2023-01-28T20:00:00.000+0000'}",50496600,50496600,50496600,,AÇUDE ARACI MONTANTE (OLARIA DO CAPISTANA),-11.2714,-39.1647,,2024-02-09T15:23:11.640+0000,5,"5 - Atlântico, Trecho Leste","50 - RIOS VAZA-BARRIS,ITAPICURU E .",RIO ITAPICURU,BAHIA,ARACI,50,50500000,16,16021000,114,114,2020-12-28T10:00:00.000+0000,2024-04-03T20:00:00.000+0000,INEMA-BA,INEMA-BA,Fluviométrica,1,111639090 - AÇUDE ARACI MONTANTE (OLARIA DO CAPISTANA),,False,False,False,S 11° 16' 17.04'',W 39° 9' 52.92'',28/12/2020 à 03/04/2024,,,6.0,,,
"{'horEstacao': 111639090, 'horDataHora': '2023-01-29T10:00:00.000+0000'}",50496600,50496600,50496600,,AÇUDE ARACI MONTANTE (OLARIA DO CAPISTANA),-11.2714,-39.1647,,2024-02-09T15:23:11.640+0000,5,"5 - Atlântico, Trecho Leste","50 - RIOS VAZA-BARRIS,ITAPICURU E .",RIO ITAPICURU,BAHIA,ARACI,50,50500000,16,16021000,114,114,2020-12-28T10:00:00.000+0000,2024-04-03T20:00:00.000+0000,INEMA-BA,INEMA-BA,Fluviométrica,1,111639090 - AÇUDE ARACI MONTANTE (OLARIA DO CAPISTANA),,False,False,False,S 11° 16' 17.04'',W 39° 9' 52.92'',28/12/2020 à 03/04/2024,,,6.0,,,
"{'horEstacao': 111639090, 'horDataHora': '2023-01-29T20:00:00.000+0000'}",50496600,50496600,50496600,,AÇUDE ARACI MONTANTE (OLARIA DO CAPISTANA),-11.2714,-39.1647,,2024-02-09T15:23:11.640+0000,5,"5 - Atlântico, Trecho Leste","50 - RIOS VAZA-BARRIS,ITAPICURU E .",RIO ITAPICURU,BAHIA,ARACI,50,50500000,16,16021000,114,114,2020-12-28T10:00:00.000+0000,2024-04-03T20:00:00.000+0000,INEMA-BA,INEMA-BA,Fluviométrica,1,111639090 - AÇUDE ARACI MONTANTE (OLARIA DO CAPISTANA),,False,False,False,S 11° 16' 17.04'',W 39° 9' 52.92'',28/12/2020 à 03/04/2024,,,6.0,,,
"{'horEstacao': 111639090, 'horDataHora': '2023-01-30T10:00:00.000+0000'}",50496600,50496600,50496600,,AÇUDE ARACI MONTANTE (OLARIA DO CAPISTANA),-11.2714,-39.1647,,2024-02-09T15:23:11.640+0000,5,"5 - Atlântico, Trecho Leste","50 - RIOS VAZA-BARRIS,ITAPICURU E .",RIO ITAPICURU,BAHIA,ARACI,50,50500000,16,16021000,114,114,2020-12-28T10:00:00.000+0000,2024-04-03T20:00:00.000+0000,INEMA-BA,INEMA-BA,Fluviométrica,1,111639090 - AÇUDE ARACI MONTANTE (OLARIA DO CAPISTANA),,False,False,False,S 11° 16' 17.04'',W 39° 9' 52.92'',28/12/2020 à 03/04/2024,,,6.0,,,
"{'horEstacao': 111639090, 'horDataHora': '2023-01-30T20:00:00.000+0000'}",50496600,50496600,50496600,,AÇUDE ARACI MONTANTE (OLARIA DO CAPISTANA),-11.2714,-39.1647,,2024-02-09T15:23:11.640+0000,5,"5 - Atlântico, Trecho Leste","50 - RIOS VAZA-BARRIS,ITAPICURU E .",RIO ITAPICURU,BAHIA,ARACI,50,50500000,16,16021000,114,114,2020-12-28T10:00:00.000+0000,2024-04-03T20:00:00.000+0000,INEMA-BA,INEMA-BA,Fluviométrica,1,111639090 - AÇUDE ARACI MONTANTE (OLARIA DO CAPISTANA),,False,False,False,S 11° 16' 17.04'',W 39° 9' 52.92'',28/12/2020 à 03/04/2024,,,6.0,,,
"{'horEstacao': 111639090, 'horDataHora': '2023-01-31T10:00:00.000+0000'}",50496600,50496600,50496600,,AÇUDE ARACI MONTANTE (OLARIA DO CAPISTANA),-11.2714,-39.1647,,2024-02-09T15:23:11.640+0000,5,"5 - Atlântico, Trecho Leste","50 - RIOS VAZA-BARRIS,ITAPICURU E .",RIO ITAPICURU,BAHIA,ARACI,50,50500000,16,16021000,114,114,2020-12-28T10:00:00.000+0000,2024-04-03T20:00:00.000+0000,INEMA-BA,INEMA-BA,Fluviométrica,1,111639090 - AÇUDE ARACI MONTANTE (OLARIA DO CAPISTANA),,False,False,False,S 11° 16' 17.04'',W 39° 9' 52.92'',28/12/2020 à 03/04/2024,,,6.0,,,
"{'horEstacao': 111639090, 'horDataHora': '2023-01-31T20:00:00.000+0000'}",50496600,50496600,50496600,,AÇUDE ARACI MONTANTE (OLARIA DO CAPISTANA),-11.2714,-39.1647,,2024-02-09T15:23:11.640+0000,5,"5 - Atlântico, Trecho Leste","50 - RIOS VAZA-BARRIS,ITAPICURU E .",RIO ITAPICURU,BAHIA,ARACI,50,50500000,16,16021000,114,114,2020-12-28T10:00:00.000+0000,2024-04-03T20:00:00.000+0000,INEMA-BA,INEMA-BA,Fluviométrica,1,111639090 - AÇUDE ARACI MONTANTE (OLARIA DO CAPISTANA),,False,False,False,S 11° 16' 17.04'',W 39° 9' 52.92'',28/12/2020 à 03/04/2024,,,6.0,,,
"{'horEstacao': 111639090, 'horDataHora': '2023-02-01T10:00:00.000+0000'}",50496600,50496600,50496600,,AÇUDE ARACI MONTANTE (OLARIA DO CAPISTANA),-11.2714,-39.1647,,2024-02-09T15:23:11.640+0000,5,"5 - Atlântico, Trecho Leste","50 - RIOS VAZA-BARRIS,ITAPICURU E .",RIO ITAPICURU,BAHIA,ARACI,50,50500000,16,16021000,114,114,2020-12-28T10:00:00.000+0000,2024-04-03T20:00:00.000+0000,INEMA-BA,INEMA-BA,Fluviométrica,1,111639090 - AÇUDE ARACI MONTANTE (OLARIA DO CAPISTANA),,False,False,False,S 11° 16' 17.04'',W 39° 9' 52.92'',28/12/2020 à 03/04/2024,,,6.0,,,
"{'horEstacao': 111639090, 'horDataHora': '2023-02-01T20:00:00.000+0000'}",50496600,50496600,50496600,,AÇUDE ARACI MONTANTE (OLARIA DO CAPISTANA),-11.2714,-39.1647,,2024-02-09T15:23:11.640+0000,5,"5 - Atlântico, Trecho Leste","50 - RIOS VAZA-BARRIS,ITAPICURU E .",RIO ITAPICURU,BAHIA,ARACI,50,50500000,16,16021000,114,114,2020-12-28T10:00:00.000+0000,2024-04-03T20:00:00.000+0000,INEMA-BA,INEMA-BA,Fluviométrica,1,111639090 - AÇUDE ARACI MONTANTE (OLARIA DO CAPISTANA),,False,False,False,S 11° 16' 17.04'',W 39° 9' 52.92'',28/12/2020 à 03/04/2024,,,6.0,,,
"{'horEstacao': 111639090, 'horDataHora': '2023-02-02T10:00:00.000+0000'}",50496600,50496600,50496600,,AÇUDE ARACI MONTANTE (OLARIA DO CAPISTANA),-11.2714,-39.1647,,2024-02-09T15:23:11.640+0000,5,"5 - Atlântico, Trecho Leste","50 - RIOS VAZA-BARRIS,ITAPICURU E .",RIO ITAPICURU,BAHIA,ARACI,50,50500000,16,16021000,114,114,2020-12-28T10:00:00.000+0000,2024-04-03T20:00:00.000+0000,INEMA-BA,INEMA-BA,Fluviométrica,1,111639090 - AÇUDE ARACI MONTANTE (OLARIA DO CAPISTANA),,False,False,False,S 11° 16' 17.04'',W 39° 9' 52.92'',28/12/2020 à 03/04/2024,,,6.0,,,
"{'horEstacao': 111639090, 'horDataHora': '2023-02-02T20:00:00.000+0000'}",50496600,50496600,50496600,,AÇUDE ARACI MONTANTE (OLARIA DO CAPISTANA),-11.2714,-39.1647,,2024-02-09T15:23:11.640+0000,5,"5 - Atlântico, Trecho Leste","50 - RIOS VAZA-BARRIS,ITAPICURU E .",RIO ITAPICURU,BAHIA,ARACI,50,50500000,16,16021000,114,114,2020-12-28T10:00:00.000+0000,2024-04-03T20:00:00.000+0000,INEMA-BA,INEMA-BA,Fluviométrica,1,111639090 - AÇUDE ARACI MONTANTE (OLARIA DO CAPISTANA),,False,False,False,S 11° 16' 17.04'',W 39° 9' 52.92'',28/12/2020 à 03/04/2024,,,6.0,,,
"{'horEstacao': 111639090, 'horDataHora': '2023-02-03T10:00:00.000+0000'}",50496600,50496600,50496600,,AÇUDE ARACI MONTANTE (OLARIA DO CAPISTANA),-11.2714,-39.1647,,2024-02-09T15:23:11.640+0000,5,"5 - Atlântico, Trecho Leste","50 - RIOS VAZA-BARRIS,ITAPICURU E .",RIO ITAPICURU,BAHIA,ARACI,50,50500000,16,16021000,114,114,2020-12-28T10:00:00.000+0000,2024-04-03T20:00:00.000+0000,INEMA-BA,INEMA-BA,Fluviométrica,1,111639090 - AÇUDE ARACI MONTANTE (OLARIA DO CAPISTANA),,False,False,False,S 11° 16' 17.04'',W 39° 9' 52.92'',28/12/2020 à 03/04/2024,,,6.0,,,
"{'horEstacao': 111639090, 'horDataHora': '2023-02-03T20:00:00.000+0000'}",50496600,50496600,50496600,,AÇUDE ARACI MONTANTE (OLARIA DO CAPISTANA),-11.2714,-39.1647,,2024-02-09T15:23:11.640+0000,5,"5 - Atlântico, Trecho Leste","50 - RIOS VAZA-BARRIS,ITAPICURU E .",RIO ITAPICURU,BAHIA,ARACI,50,50500000,16,16021000,114,114,2020-12-28T10:00:00.000+0000,2024-04-03T20:00:00.000+0000,INEMA-BA,INEMA-BA,Fluviométrica,1,111639090 - AÇUDE ARACI MONTANTE (OLARIA DO CAPISTANA),,False,False,False,S 11° 16' 17.04'',W 39° 9' 52.92'',28/12/2020 à 03/04/2024,,,6.0,,,
"{'horEstacao': 111639090, 'horDataHora': '2023-02-04T10:00:00.000+0000'}",50496600,50496600,50496600,,AÇUDE ARACI MONTANTE (OLARIA DO CAPISTANA),-11.2714,-39.1647,,2024-02-09T15:23:11.640+0000,5,"5 - Atlântico, Trecho Leste","50 - RIOS VAZA-BARRIS,ITAPICURU E .",RIO ITAPICURU,BAHIA,ARACI,50,50500000,16,16021000,114,114,2020-12-28T10:00:00.000+0000,2024-04-03T20:00:00.000+0000,INEMA-BA,INEMA-BA,Fluviométrica,1,111639090 - AÇUDE ARACI MONTANTE (OLARIA DO CAPISTANA),,False,False,False,S 11° 16' 17.04'',W 39° 9' 52.92'',28/12/2020 à 03/04/2024,,,6.0,,,
"{'horEstacao': 111639090, 'horDataHora': '2023-02-04T20:00:00.000+0000'}",50496600,50496600,50496600,,AÇUDE ARACI MONTANTE (OLARIA DO CAPISTANA),-11.2714,-39.1647,,2024-02-09T15:23:11.640+0000,5,"5 - Atlântico, Trecho Leste","50 - RIOS VAZA-BARRIS,ITAPICURU E .",RIO ITAPICURU,BAHIA,ARACI,50,50500000,16,16021000,114,114,2020-12-28T10:00:00.000+0000,2024-04-03T20:00:00.000+0000,INEMA-BA,INEMA-BA,Fluviométrica,1,111639090 - AÇUDE ARACI MONTANTE (OLARIA DO CAPISTANA),,False,False,False,S 11° 16' 17.04'',W 39° 9' 52.92'',28/12/2020 à 03/04/2024,,,6.0,,,
"{'horEstacao': 111639090, 'horDataHora': '2023-02-05T10:00:00.000+0000'}",50496600,50496600,50496600,,AÇUDE ARACI MONTANTE (OLARIA DO CAPISTANA),-11.2714,-39.1647,,2024-02-09T15:23:11.640+0000,5,"5 - Atlântico, Trecho Leste","50 - RIOS VAZA-BARRIS,ITAPICURU E .",RIO ITAPICURU,BAHIA,ARACI,50,50500000,16,16021000,114,114,2020-12-28T10:00:00.000+0000,2024-04-03T20:00:00.000+0000,INEMA-BA,INEMA-BA,Fluviométrica,1,111639090 - AÇUDE ARACI MONTANTE (OLARIA DO CAPISTANA),,False,False,False,S 11° 16' 17.04'',W 39° 9' 52.92'',28/12/2020 à 03/04/2024,,,6.0,,,
"{'horEstacao': 111639090, 'horDataHora': '2023-02-05T20:00:00.000+0000'}",50496600,50496600,50496600,,AÇUDE ARACI MONTANTE (OLARIA DO CAPISTANA),-11.2714,-39.1647,,2024-02-09T15:23:11.640+0000,5,"5 - Atlântico, Trecho Leste","50 - RIOS VAZA-BARRIS,ITAPICURU E .",RIO ITAPICURU,BAHIA,ARACI,50,50500000,16,16021000,114,114,2020-12-28T10:00:00.000+0000,2024-04-03T20:00:00.000+0000,INEMA-BA,INEMA-BA,Fluviométrica,1,111639090 - AÇUDE ARACI MONTANTE (OLARIA DO CAPISTANA),,False,False,False,S 11° 16' 17.04'',W 39° 9' 52.92'',28/12/2020 à 03/04/2024,,,6.0,,,
"{'horEstacao': 111639090, 'horDataHora': '2023-02-06T10:00:00.000+0000'}",50496600,50496600,50496600,,AÇUDE ARACI MONTANTE (OLARIA DO CAPISTANA),-11.2714,-39.1647,,2024-02-09T15:23:11.640+0000,5,"5 - Atlântico, Trecho Leste","50 - RIOS VAZA-BARRIS,ITAPICURU E .",RIO ITAPICURU,BAHIA,ARACI,50,50500000,16,16021000,114,114,2020-12-28T10:00:00.000+0000,2024-04-03T20:00:00.000+0000,INEMA-BA,INEMA-BA,Fluviométrica,1,111639090 - AÇUDE ARACI MONTANTE (OLARIA DO CAPISTANA),,False,False,False,S 11° 16' 17.04'',W 39° 9' 52.92'',28/12/2020 à 03/04/2024,,,6.0,,,
"{'horEstacao': 111639090, 'horDataHora': '2023-02-06T20:00:00.000+0000'}",50496600,50496600,50496600,,AÇUDE ARACI MONTANTE (OLARIA DO CAPISTANA),-11.2714,-39.1647,,2024-02-09T15:23:11.640+0000,5,"5 - Atlântico, Trecho Leste","50 - RIOS VAZA-BARRIS,ITAPICURU E .",RIO ITAPICURU,BAHIA,ARACI,50,50500000,16,16021000,114,114,2020-12-28T10:00:00.000+0000,2024-04-03T20:00:00.000+0000,INEMA-BA,INEMA-BA,Fluviométrica,1,111639090 - AÇUDE ARACI MONTANTE (OLARIA DO CAPISTANA),,False,False,False,S 11° 16' 17.04'',W 39° 9' 52.92'',28/12/2020 à 03/04/2024,,,6.0,,,
"{'horEstacao': 111639090, 'horDataHora': '2023-02-07T10:00:00.000+0000'}",50496600,50496600,50496600,,AÇUDE ARACI MONTANTE (OLARIA DO CAPISTANA),-11.2714,-39.1647,,2024-02-09T15:23:11.640+0000,5,"5 - Atlântico, Trecho Leste","50 - RIOS VAZA-BARRIS,ITAPICURU E .",RIO ITAPICURU,BAHIA,ARACI,50,50500000,16,16021000,114,114,2020-12-28T10:00:00.000+0000,2024-04-03T20:00:00.000+0000,INEMA-BA,INEMA-BA,Fluviométrica,1,111639090 - AÇUDE ARACI MONTANTE (OLARIA DO CAPISTANA),,False,False,False,S 11° 16' 17.04'',W 39° 9' 52.92'',28/12/2020 à 03/04/2024,,,6.0,,,
"{'horEstacao': 111639090, 'horDataHora': '2023-02-07T20:00:00.000+0000'}",50496600,50496600,50496600,,AÇUDE ARACI MONTANTE (OLARIA DO CAPISTANA),-11.2714,-39.1647,,2024-02-09T15:23:11.640+0000,5,"5 - Atlântico, Trecho Leste","50 - RIOS VAZA-BARRIS,ITAPICURU E .",RIO ITAPICURU,BAHIA,ARACI,50,50500000,16,16021000,114,114,2020-12-28T10:00:00.000+0000,2024-04-03T20:00:00.000+0000,INEMA-BA,INEMA-BA,Fluviométrica,1,111639090 - AÇUDE ARACI MONTANTE (OLARIA DO CAPISTANA),,False,False,False,S 11° 16' 17.04'',W 39° 9' 52.92'',28/12/2020 à 03/04/2024,,,6.0,,,
"{'horEstacao': 111639090, 'horDataHora': '2023-02-08T10:00:00.000+0000'}",50496600,50496600,50496600,,AÇUDE ARACI MONTANTE (OLARIA DO CAPISTANA),-11.2714,-39.1647,,2024-02-09T15:23:11.640+0000,5,"5 - Atlântico, Trecho Leste","50 - RIOS VAZA-BARRIS,ITAPICURU E .",RIO ITAPICURU,BAHIA,ARACI,50,50500000,16,16021000,114,114,2020-12-28T10:00:00.000+0000,2024-04-03T20:00:00.000+0000,INEMA-BA,INEMA-BA,Fluviométrica,1,111639090 - AÇUDE ARACI MONTANTE (OLARIA DO CAPISTANA),,False,False,False,S 11° 16' 17.04'',W 39° 9' 52.92'',28/12/2020 à 03/04/2024,,,6.0,,,
"{'horEstacao': 111639090, 'horDataHora': '2023-02-08T20:00:00.000+0000'}",50496600,50496600,50496600,,AÇUDE ARACI MONTANTE (OLARIA DO CAPISTANA),-11.2714,-39.1647,,2024-02-09T15:23:11.640+0000,5,"5 - Atlântico, Trecho Leste","50 - RIOS VAZA-BARRIS,ITAPICURU E .",RIO ITAPICURU,BAHIA,ARACI,50,50500000,16,16021000,114,114,2020-12-28T10:00:00.000+0000,2024-04-03T20:00:00.000+0000,INEMA-BA,INEMA-BA,Fluviométrica,1,111639090 - AÇUDE ARACI MONTANTE (OLARIA DO CAPISTANA),,False,False,False,S 11° 16' 17.04'',W 39° 9' 52.92'',28/12/2020 à 03/04/2024,,,6.0,,,
"{'horEstacao': 111639090, 'horDataHora': '2023-02-09T10:00:00.000+0000'}",50496600,50496600,50496600,,AÇUDE ARACI MONTANTE (OLARIA DO CAPISTANA),-11.2714,-39.1647,,2024-02-09T15:23:11.640+0000,5,"5 - Atlântico, Trecho Leste","50 - RIOS VAZA-BARRIS,ITAPICURU E .",RIO ITAPICURU,BAHIA,ARACI,50,50500000,16,16021000,114,114,2020-12-28T10:00:00.000+0000,2024-04-03T20:00:00.000+0000,INEMA-BA,INEMA-BA,Fluviométrica,1,111639090 - AÇUDE ARACI MONTANTE (OLARIA DO CAPISTANA),,False,False,False,S 11° 16' 17.04'',W 39° 9' 52.92'',28/12/2020 à 03/04/2024,,,6.0,,,
"{'horEstacao': 111639090, 'horDataHora': '2023-02-09T20:00:00.000+0000'}",50496600,50496600,50496600,,AÇUDE ARACI MONTANTE (OLARIA DO CAPISTANA),-11.2714,-39.1647,,2024-02-09T15:23:11.640+0000,5,"5 - Atlântico, Trecho Leste","50 - RIOS VAZA-BARRIS,ITAPICURU E .",RIO ITAPICURU,BAHIA,ARACI,50,50500000,16,16021000,114,114,2020-12-28T10:00:00.000+0000,2024-04-03T20:00:00.000+0000,INEMA-BA,INEMA-BA,Fluviométrica,1,111639090 - AÇUDE ARACI MONTANTE (OLARIA DO CAPISTANA),,False,False,False,S 11° 16' 17.04'',W 39° 9' 52.92'',28/12/2020 à 03/04/2024,,,6.0,,,
"{'horEstacao': 111639090, 'horDataHora': '2023-02-10T10:00:00.000+0000'}",50496600,50496600,50496600,,AÇUDE ARACI MONTANTE (OLARIA DO CAPISTANA),-11.2714,-39.1647,,2024-02-09T15:23:11.640+0000,5,"5 - Atlântico, Trecho Leste","50 - RIOS VAZA-BARRIS,ITAPICURU E .",RIO ITAPICURU,BAHIA,ARACI,50,50500000,16,16021000,114,114,2020-12-28T10:00:00.000+0000,2024-04-03T20:00:00.000+0000,INEMA-BA,INEMA-BA,Fluviométrica,1,111639090 - AÇUDE ARACI MONTANTE (OLARIA DO CAPISTANA),,False,False,False,S 11° 16' 17.04'',W 39° 9' 52.92'',28/12/2020 à 03/04/2024,,,6.0,,,
"{'horEstacao': 111639090, 'horDataHora': '2023-02-10T20:00:00.000+0000'}",50496600,50496600,50496600,,AÇUDE ARACI MONTANTE (OLARIA DO CAPISTANA),-11.2714,-39.1647,,2024-02-09T15:23:11.640+0000,5,"5 - Atlântico, Trecho Leste","50 - RIOS VAZA-BARRIS,ITAPICURU E .",RIO ITAPICURU,BAHIA,ARACI,50,50500000,16,16021000,114,114,2020-12-28T10:00:00.000+0000,2024-04-03T20:00:00.000+0000,INEMA-BA,INEMA-BA,Fluviométrica,1,111639090 - AÇUDE ARACI MONTANTE (OLARIA DO CAPISTANA),,False,False,False,S 11° 16' 17.04'',W 39° 9' 52.92'',28/12/2020 à 03/04/2024,,,6.0,,,
"{'horEstacao': 111639090, 'horDataHora': '2023-02-11T10:00:00.000+0000'}",50496600,50496600,50496600,,AÇUDE ARACI MONTANTE (OLARIA DO CAPISTANA),-11.2714,-39.1647,,2024-02-09T15:23:11.640+0000,5,"5 - Atlântico, Trecho Leste","50 - RIOS VAZA-BARRIS,ITAPICURU E .",RIO ITAPICURU,BAHIA,ARACI,50,50500000,16,16021000,114,114,2020-12-28T10:00:00.000+0000,2024-04-03T20:00:00.000+0000,INEMA-BA,INEMA-BA,Fluviométrica,1,111639090 - AÇUDE ARACI MONTANTE (OLARIA DO CAPISTANA),,False,False,False,S 11° 16' 17.04'',W 39° 9' 52.92'',28/12/2020 à 03/04/2024,,,6.0,,,
"{'horEstacao': 111639090, 'horDataHora': '2023-02-11T20:00:00.000+0000'}",50496600,50496600,50496600,,AÇUDE ARACI MONTANTE (OLARIA DO CAPISTANA),-11.2714,-39.1647,,2024-02-09T15:23:11.640+0000,5,"5 - Atlântico, Trecho Leste","50 - RIOS VAZA-BARRIS,ITAPICURU E .",RIO ITAPICURU,BAHIA,ARACI,50,50500000,16,16021000,114,114,2020-12-28T10:00:00.000+0000,2024-04-03T20:00:00.000+0000,INEMA-BA,INEMA-BA,Fluviométrica,1,111639090 - AÇUDE ARACI MONTANTE (OLARIA DO CAPISTANA),,False,False,False,S 11° 16' 17.04'',W 39° 9' 52.92'',28/12/2020 à 03/04/2024,,,6.0,,,
"{'horEstacao': 111639090, 'horDataHora': '2023-02-12T10:00:00.000+0000'}",50496600,50496600,50496600,,AÇUDE ARACI MONTANTE (OLARIA DO CAPISTANA),-11.2714,-39.1647,,2024-02-09T15:23:11.640+0000,5,"5 - Atlântico, Trecho Leste","50 - RIOS VAZA-BARRIS,ITAPICURU E .",RIO ITAPICURU,BAHIA,ARACI,50,50500000,16,16021000,114,114,2020-12-28T10:00:00.000+0000,2024-04-03T20:00:00.000+0000,INEMA-BA,INEMA-BA,Fluviométrica,1,111639090 - AÇUDE ARACI MONTANTE (OLARIA DO CAPISTANA),,False,False,False,S 11° 16' 17.04'',W 39° 9' 52.92'',28/12/2020 à 03/04/2024,,,6.0,,,
"{'horEstacao': 111639090, 'horDataHora': '2023-02-12T20:00:00.000+0000'}",50496600,50496600,50496600,,AÇUDE ARACI MONTANTE (OLARIA DO CAPISTANA),-11.2714,-39.1647,,2024-02-09T15:23:11.640+0000,5,"5 - Atlântico, Trecho Leste","50 - RIOS VAZA-BARRIS,ITAPICURU E .",RIO ITAPICURU,BAHIA,ARACI,50,50500000,16,16021000,114,114,2020-12-28T10:00:00.000+0000,2024-04-03T20:00:00.000+0000,INEMA-BA,INEMA-BA,Fluviométrica,1,111639090 - AÇUDE ARACI MONTANTE (OLARIA DO CAPISTANA),,False,False,False,S 11° 16' 17.04'',W 39° 9' 52.92'',28/12/2020 à 03/04/2024,,,6.0,,,
"{'horEstacao': 111639090, 'horDataHora': '2023-02-13T10:00:00.000+0000'}",50496600,50496600,50496600,,AÇUDE ARACI MONTANTE (OLARIA DO CAPISTANA),-11.2714,-39.1647,,2024-02-09T15:23:11.640+0000,5,"5 - Atlântico, Trecho Leste","50 - RIOS VAZA-BARRIS,ITAPICURU E .",RIO ITAPICURU,BAHIA,ARACI,50,50500000,16,16021000,114,114,2020-12-28T10:00:00.000+0000,2024-04-03T20:00:00.000+0000,INEMA-BA,INEMA-BA,Fluviométrica,1,111639090 - AÇUDE ARACI MONTANTE (OLARIA DO CAPISTANA),,False,False,False,S 11° 16' 17.04'',W 39° 9' 52.92'',28/12/2020 à 03/04/2024,,,6.0,,,
"{'horEstacao': 111639090, 'horDataHora': '2023-02-13T20:00:00.000+0000'}",50496600,50496600,50496600,,AÇUDE ARACI MONTANTE (OLARIA DO CAPISTANA),-11.2714,-39.1647,,2024-02-09T15:23:11.640+0000,5,"5 - Atlântico, Trecho Leste","50 - RIOS VAZA-BARRIS,ITAPICURU E .",RIO ITAPICURU,BAHIA,ARACI,50,50500000,16,16021000,114,114,2020-12-28T10:00:00.000+0000,2024-04-03T20:00:00.000+0000,INEMA-BA,INEMA-BA,Fluviométrica,1,111639090 - AÇUDE ARACI MONTANTE (OLARIA DO CAPISTANA),,False,False,False,S 11° 16' 17.04'',W 39° 9' 52.92'',28/12/2020 à 03/04/2024,,,6.0,,,
"{'horEstacao': 111639090, 'horDataHora': '2023-02-14T10:00:00.000+0000'}",50496600,50496600,50496600,,AÇUDE ARACI MONTANTE (OLARIA DO CAPISTANA),-11.2714,-39.1647,,2024-02-09T15:23:11.640+0000,5,"5 - Atlântico, Trecho Leste","50 - RIOS VAZA-BARRIS,ITAPICURU E .",RIO ITAPICURU,BAHIA,ARACI,50,50500000,16,16021000,114,114,2020-12-28T10:00:00.000+0000,2024-04-03T20:00:00.000+0000,INEMA-BA,INEMA-BA,Fluviométrica,1,111639090 - AÇUDE ARACI MONTANTE (OLARIA DO CAPISTANA),,False,False,False,S 11° 16' 17.04'',W 39° 9' 52.92'',28/12/2020 à 03/04/2024,,,6.0,,,
"{'horEstacao': 111639090, 'horDataHora': '2023-02-14T20:00:00.000+0000'}",50496600,50496600,50496600,,AÇUDE ARACI MONTANTE (OLARIA DO CAPISTANA),-11.2714,-39.1647,,2024-02-09T15:23:11.640+0000,5,"5 - Atlântico, Trecho Leste","50 - RIOS VAZA-BARRIS,ITAPICURU E .",RIO ITAPICURU,BAHIA,ARACI,50,50500000,16,16021000,114,114,2020-12-28T10:00:00.000+0000,2024-04-03T20:00:00.000+0000,INEMA-BA,INEMA-BA,Fluviométrica,1,111639090 - AÇUDE ARACI MONTANTE (OLARIA DO CAPISTANA),,False,False,False,S 11° 16' 17.04'',W 39° 9' 52.92'',28/12/2020 à 03/04/2024,,,6.0,,,
"{'horEstacao': 111639090, 'horDataHora': '2023-02-15T10:00:00.000+0000'}",50496600,50496600,50496600,,AÇUDE ARACI MONTANTE (OLARIA DO CAPISTANA),-11.2714,-39.1647,,2024-02-09T15:23:11.640+0000,5,"5 - Atlântico, Trecho Leste","50 - RIOS VAZA-BARRIS,ITAPICURU E .",RIO ITAPICURU,BAHIA,ARACI,50,50500000,16,16021000,114,114,2020-12-28T10:00:00.000+0000,2024-04-03T20:00:00.000+0000,INEMA-BA,INEMA-BA,Fluviométrica,1,111639090 - AÇUDE ARACI MONTANTE (OLARIA DO CAPISTANA),,False,False,False,S 11° 16' 17.04'',W 39° 9' 52.92'',28/12/2020 à 03/04/2024,,,6.0,,,
"{'horEstacao': 111639090, 'horDataHora': '2023-02-15T20:00:00.000+0000'}",50496600,50496600,50496600,,AÇUDE ARACI MONTANTE (OLARIA DO CAPISTANA),-11.2714,-39.1647,,2024-02-09T15:23:11.640+0000,5,"5 - Atlântico, Trecho Leste","50 - RIOS VAZA-BARRIS,ITAPICURU E .",RIO ITAPICURU,BAHIA,ARACI,50,50500000,16,16021000,114,114,2020-12-28T10:00:00.000+0000,2024-04-03T20:00:00.000+0000,INEMA-BA,INEMA-BA,Fluviométrica,1,111639090 - AÇUDE ARACI MONTANTE (OLARIA DO CAPISTANA),,False,False,False,S 11° 16' 17.04'',W 39° 9' 52.92'',28/12/2020 à 03/04/2024,,,6.0,,,
"{'horEstacao': 111639090, 'horDataHora': '2023-02-16T10:00:00.000+0000'}",50496600,50496600,50496600,,AÇUDE ARACI MONTANTE (OLARIA DO CAPISTANA),-11.2714,-39.1647,,2024-02-09T15:23:11.640+0000,5,"5 - Atlântico, Trecho Leste","50 - RIOS VAZA-BARRIS,ITAPICURU E .",RIO ITAPICURU,BAHIA,ARACI,50,50500000,16,16021000,114,114,2020-12-28T10:00:00.000+0000,2024-04-03T20:00:00.000+0000,INEMA-BA,INEMA-BA,Fluviométrica,1,111639090 - AÇUDE ARACI MONTANTE (OLARIA DO CAPISTANA),,False,False,False,S 11° 16' 17.04'',W 39° 9' 52.92'',28/12/2020 à 03/04/2024,,,6.0,,,
"{'horEstacao': 111639090, 'horDataHora': '2023-02-16T20:00:00.000+0000'}",50496600,50496600,50496600,,AÇUDE ARACI MONTANTE (OLARIA DO CAPISTANA),-11.2714,-39.1647,,2024-02-09T15:23:11.640+0000,5,"5 - Atlântico, Trecho Leste","50 - RIOS VAZA-BARRIS,ITAPICURU E .",RIO ITAPICURU,BAHIA,ARACI,50,50500000,16,16021000,114,114,2020-12-28T10:00:00.000+0000,2024-04-03T20:00:00.000+0000,INEMA-BA,INEMA-BA,Fluviométrica,1,111639090 - AÇUDE ARACI MONTANTE (OLARIA DO CAPISTANA),,False,False,False,S 11° 16' 17.04'',W 39° 9' 52.92'',28/12/2020 à 03/04/2024,,,6.0,,,
"{'horEstacao': 111639090, 'horDataHora': '2023-02-17T10:00:00.000+0000'}",50496600,50496600,50496600,,AÇUDE ARACI MONTANTE (OLARIA DO CAPISTANA),-11.2714,-39.1647,,2024-02-09T15:23:11.640+0000,5,"5 - Atlântico, Trecho Leste","50 - RIOS VAZA-BARRIS,ITAPICURU E .",RIO ITAPICURU,BAHIA,ARACI,50,50500000,16,16021000,114,114,2020-12-28T10:00:00.000+0000,2024-04-03T20:00:00.000+0000,INEMA-BA,INEMA-BA,Fluviométrica,1,111639090 - AÇUDE ARACI MONTANTE (OLARIA DO CAPISTANA),,False,False,False,S 11° 16' 17.04'',W 39° 9' 52.92'',28/12/2020 à 03/04/2024,,,6.0,,,
"{'horEstacao': 111639090, 'horDataHora': '2023-02-17T20:00:00.000+0000'}",50496600,50496600,50496600,,AÇUDE ARACI MONTANTE (OLARIA DO CAPISTANA),-11.2714,-39.1647,,2024-02-09T15:23:11.640+0000,5,"5 - Atlântico, Trecho Leste","50 - RIOS VAZA-BARRIS,ITAPICURU E .",RIO ITAPICURU,BAHIA,ARACI,50,50500000,16,16021000,114,114,2020-12-28T10:00:00.000+0000,2024-04-03T20:00:00.000+0000,INEMA-BA,INEMA-BA,Fluviométrica,1,111639090 - AÇUDE ARACI MONTANTE (OLARIA DO CAPISTANA),,False,False,False,S 11° 16' 17.04'',W 39° 9' 52.92'',28/12/2020 à 03/04/2024,,,6.0,,,
"{'horEstacao': 111639090, 'horDataHora': '2023-02-18T10:00:00.000+0000'}",50496600,50496600,50496600,,AÇUDE ARACI MONTANTE (OLARIA DO CAPISTANA),-11.2714,-39.1647,,2024-02-09T15:23:11.640+0000,5,"5 - Atlântico, Trecho Leste","50 - RIOS VAZA-BARRIS,ITAPICURU E .",RIO ITAPICURU,BAHIA,ARACI,50,50500000,16,16021000,114,114,2020-12-28T10:00:00.000+0000,2024-04-03T20:00:00.000+0000,INEMA-BA,INEMA-BA,Fluviométrica,1,111639090 - AÇUDE ARACI MONTANTE (OLARIA DO CAPISTANA),,False,False,False,S 11° 16' 17.04'',W 39° 9' 52.92'',28/12/2020 à 03/04/2024,,,6.0,,,
"{'horEstacao': 111639090, 'horDataHora': '2023-02-18T20:00:00.000+0000'}",50496600,50496600,50496600,,AÇUDE ARACI MONTANTE (OLARIA DO CAPISTANA),-11.2714,-39.1647,,2024-02-09T15:23:11.640+0000,5,"5 - Atlântico, Trecho Leste","50 - RIOS VAZA-BARRIS,ITAPICURU E .",RIO ITAPICURU,BAHIA,ARACI,50,50500000,16,16021000,114,114,2020-12-28T10:00:00.000+0000,2024-04-03T20:00:00.000+0000,INEMA-BA,INEMA-BA,Fluviométrica,1,111639090 - AÇUDE ARACI MONTANTE (OLARIA DO CAPISTANA),,False,False,False,S 11° 16' 17.04'',W 39° 9' 52.92'',28/12/2020 à 03/04/2024,,,6.0,,,
"{'horEstacao': 111639090, 'horDataHora': '2023-02-19T10:00:00.000+0000'}",50496600,50496600,50496600,,AÇUDE ARACI MONTANTE (OLARIA DO CAPISTANA),-11.2714,-39.1647,,2024-02-09T15:23:11.640+0000,5,"5 - Atlântico, Trecho Leste","50 - RIOS VAZA-BARRIS,ITAPICURU E .",RIO ITAPICURU,BAHIA,ARACI,50,50500000,16,16021000,114,114,2020-12-28T10:00:00.000+0000,2024-04-03T20:00:00.000+0000,INEMA-BA,INEMA-BA,Fluviométrica,1,111639090 - AÇUDE ARACI MONTANTE (OLARIA DO CAPISTANA),,False,False,False,S 11° 16' 17.04'',W 39° 9' 52.92'',28/12/2020 à 03/04/2024,,,6.0,,,
"{'horEstacao': 111639090, 'horDataHora': '2023-02-19T20:00:00.000+0000'}",50496600,50496600,50496600,,AÇUDE ARACI MONTANTE (OLARIA DO CAPISTANA),-11.2714,-39.1647,,2024-02-09T15:23:11.640+0000,5,"5 - Atlântico, Trecho Leste","50 - RIOS VAZA-BARRIS,ITAPICURU E .",RIO ITAPICURU,BAHIA,ARACI,50,50500000,16,16021000,114,114,2020-12-28T10:00:00.000+0000,2024-04-03T20:00:00.000+0000,INEMA-BA,INEMA-BA,Fluviométrica,1,111639090 - AÇUDE ARACI MONTANTE (OLARIA DO CAPISTANA),,False,False,False,S 11° 16' 17.04'',W 39° 9' 52.92'',28/12/2020 à 03/04/2024,,,6.0,,,
"{'horEstacao': 111639090, 'horDataHora': '2023-02-20T10:00:00.000+0000'}",50496600,50496600,50496600,,AÇUDE ARACI MONTANTE (OLARIA DO CAPISTANA),-11.2714,-39.1647,,2024-02-09T15:23:11.640+0000,5,"5 - Atlântico, Trecho Leste","50 - RIOS VAZA-BARRIS,ITAPICURU E .",RIO ITAPICURU,BAHIA,ARACI,50,50500000,16,16021000,114,114,2020-12-28T10:00:00.000+0000,2024-04-03T20:00:00.000+0000,INEMA-BA,INEMA-BA,Fluviométrica,1,111639090 - AÇUDE ARACI MONTANTE (OLARIA DO CAPISTANA),,False,False,False,S 11° 16' 17.04'',W 39° 9' 52.92'',28/12/2020 à 03/04/2024,,,6.0,,,
"{'horEstacao': 111639090, 'horDataHora': '2023-02-20T20:00:00.000+0000'}",50496600,50496600,50496600,,AÇUDE ARACI MONTANTE (OLARIA DO CAPISTANA),-11.2714,-39.1647,,2024-02-09T15:23:11.640+0000,5,"5 - Atlântico, Trecho Leste","50 - RIOS VAZA-BARRIS,ITAPICURU E .",RIO ITAPICURU,BAHIA,ARACI,50,50500000,16,16021000,114,114,2020-12-28T10:00:00.000+0000,2024-04-03T20:00:00.000+0000,INEMA-BA,INEMA-BA,Fluviométrica,1,111639090 - AÇUDE ARACI MONTANTE (OLARIA DO CAPISTANA),,False,False,False,S 11° 16' 17.04'',W 39° 9' 52.92'',28/12/2020 à 03/04/2024,,,6.0,,,
"{'horEstacao': 111639090, 'horDataHora': '2023-02-21T10:00:00.000+0000'}",50496600,50496600,50496600,,AÇUDE ARACI MONTANTE (OLARIA DO CAPISTANA),-11.2714,-39.1647,,2024-02-09T15:23:11.640+0000,5,"5 - Atlântico, Trecho Leste","50 - RIOS VAZA-BARRIS,ITAPICURU E .",RIO ITAPICURU,BAHIA,ARACI,50,50500000,16,16021000,114,114,2020-12-28T10:00:00.000+0000,2024-04-03T20:00:00.000+0000,INEMA-BA,INEMA-BA,Fluviométrica,1,111639090 - AÇUDE ARACI MONTANTE (OLARIA DO CAPISTANA),,False,False,False,S 11° 16' 17.04'',W 39° 9' 52.92'',28/12/2020 à 03/04/2024,,,6.0,,,
"{'horEstacao': 111639090, 'horDataHora': '2023-02-21T20:00:00.000+0000'}",50496600,50496600,50496600,,AÇUDE ARACI MONTANTE (OLARIA DO CAPISTANA),-11.2714,-39.1647,,2024-02-09T15:23:11.640+0000,5,"5 - Atlântico, Trecho Leste","50 - RIOS VAZA-BARRIS,ITAPICURU E .",RIO ITAPICURU,BAHIA,ARACI,50,50500000,16,16021000,114,114,2020-12-28T10:00:00.000+0000,2024-04-03T20:00:00.000+0000,INEMA-BA,INEMA-BA,Fluviométrica,1,111639090 - AÇUDE ARACI MONTANTE (OLARIA DO CAPISTANA),,False,False,False,S 11° 16' 17.04'',W 39° 9' 52.92'',28/12/2020 à 03/04/2024,,,6.0,,,
"{'horEstacao': 111639090, 'horDataHora': '2023-02-22T10:00:00.000+0000'}",50496600,50496600,50496600,,AÇUDE ARACI MONTANTE (OLARIA DO CAPISTANA),-11.2714,-39.1647,,2024-02-09T15:23:11.640+0000,5,"5 - Atlântico, Trecho Leste","50 - RIOS VAZA-BARRIS,ITAPICURU E .",RIO ITAPICURU,BAHIA,ARACI,50,50500000,16,16021000,114,114,2020-12-28T10:00:00.000+0000,2024-04-03T20:00:00.000+0000,INEMA-BA,INEMA-BA,Fluviométrica,1,111639090 - AÇUDE ARACI MONTANTE (OLARIA DO CAPISTANA),,False,False,False,S 11° 16' 17.04'',W 39° 9' 52.92'',28/12/2020 à 03/04/2024,,,6.0,,,
"{'horEstacao': 111639090, 'horDataHora': '2023-02-22T20:00:00.000+0000'}",50496600,50496600,50496600,,AÇUDE ARACI MONTANTE (OLARIA DO CAPISTANA),-11.2714,-39.1647,,2024-02-09T15:23:11.640+0000,5,"5 - Atlântico, Trecho Leste","50 - RIOS VAZA-BARRIS,ITAPICURU E .",RIO ITAPICURU,BAHIA,ARACI,50,50500000,16,16021000,114,114,2020-12-28T10:00:00.000+0000,2024-04-03T20:00:00.000+0000,INEMA-BA,INEMA-BA,Fluviométrica,1,111639090 - AÇUDE ARACI MONTANTE (OLARIA DO CAPISTANA),,False,False,False,S 11° 16' 17.04'',W 39° 9' 52.92'',28/12/2020 à 03/04/2024,,,6.0,,,
"{'horEstacao': 111639090, 'horDataHora': '2023-02-23T10:00:00.000+0000'}",50496600,50496600,50496600,,AÇUDE ARACI MONTANTE (OLARIA DO CAPISTANA),-11.2714,-39.1647,,2024-02-09T15:23:11.640+0000,5,"5 - Atlântico, Trecho Leste","50 - RIOS VAZA-BARRIS,ITAPICURU E .",RIO ITAPICURU,BAHIA,ARACI,50,50500000,16,16021000,114,114,2020-12-28T10:00:00.000+0000,2024-04-03T20:00:00.000+0000,INEMA-BA,INEMA-BA,Fluviométrica,1,111639090 - AÇUDE ARACI MONTANTE (OLARIA DO CAPISTANA),,False,False,False,S 11° 16' 17.04'',W 39° 9' 52.92'',28/12/2020 à 03/04/2024,,,6.0,,,
"{'horEstacao': 111639090, 'horDataHora': '2023-02-23T20:00:00.000+0000'}",50496600,50496600,50496600,,AÇUDE ARACI MONTANTE (OLARIA DO CAPISTANA),-11.2714,-39.1647,,2024-02-09T15:23:11.640+0000,5,"5 - Atlântico, Trecho Leste","50 - RIOS VAZA-BARRIS,ITAPICURU E .",RIO ITAPICURU,BAHIA,ARACI,50,50500000,16,16021000,114,114,2020-12-28T10:00:00.000+0000,2024-04-03T20:00:00.000+0000,INEMA-BA,INEMA-BA,Fluviométrica,1,111639090 - AÇUDE ARACI MONTANTE (OLARIA DO CAPISTANA),,False,False,False,S 11° 16' 17.04'',W 39° 9' 52.92'',28/12/2020 à 03/04/2024,,,6.0,,,
"{'horEstacao': 111639090, 'horDataHora': '2023-03-01T10:00:00.000+0000'}",50496600,50496600,50496600,,AÇUDE ARACI MONTANTE (OLARIA DO CAPISTANA),-11.2714,-39.1647,,2024-02-09T15:23:11.640+0000,5,"5 - Atlântico, Trecho Leste","50 - RIOS VAZA-BARRIS,ITAPICURU E .",RIO ITAPICURU,BAHIA,ARACI,50,50500000,16,16021000,114,114,2020-12-28T10:00:00.000+0000,2024-04-03T20:00:00.000+0000,INEMA-BA,INEMA-BA,Fluviométrica,1,111639090 - AÇUDE ARACI MONTANTE (OLARIA DO CAPISTANA),,False,False,False,S 11° 16' 17.04'',W 39° 9' 52.92'',28/12/2020 à 03/04/2024,,,6.0,,,
"{'horEstacao': 111639090, 'horDataHora': '2023-03-01T20:00:00.000+0000'}",50496600,50496600,50496600,,AÇUDE ARACI MONTANTE (OLARIA DO CAPISTANA),-11.2714,-39.1647,,2024-02-09T15:23:11.640+0000,5,"5 - Atlântico, Trecho Leste","50 - RIOS VAZA-BARRIS,ITAPICURU E .",RIO ITAPICURU,BAHIA,ARACI,50,50500000,16,16021000,114,114,2020-12-28T10:00:00.000+0000,2024-04-03T20:00:00.000+0000,INEMA-BA,INEMA-BA,Fluviométrica,1,111639090 - AÇUDE ARACI MONTANTE (OLARIA DO CAPISTANA),,False,False,False,S 11° 16' 17.04'',W 39° 9' 52.92'',28/12/2020 à 03/04/2024,,,6.0,,,
"{'horEstacao': 111639090, 'horDataHora': '2023-03-02T10:00:00.000+0000'}",50496600,50496600,50496600,,AÇUDE ARACI MONTANTE (OLARIA DO CAPISTANA),-11.2714,-39.1647,,2024-02-09T15:23:11.640+0000,5,"5 - Atlântico, Trecho Leste","50 - RIOS VAZA-BARRIS,ITAPICURU E .",RIO ITAPICURU,BAHIA,ARACI,50,50500000,16,16021000,114,114,2020-12-28T10:00:00.000+0000,2024-04-03T20:00:00.000+0000,INEMA-BA,INEMA-BA,Fluviométrica,1,111639090 - AÇUDE ARACI MONTANTE (OLARIA DO CAPISTANA),,False,False,False,S 11° 16' 17.04'',W 39° 9' 52.92'',28/12/2020 à 03/04/2024,,,6.0,,,
"{'horEstacao': 111639090, 'horDataHora': '2023-03-02T20:00:00.000+0000'}",50496600,50496600,50496600,,AÇUDE ARACI MONTANTE (OLARIA DO CAPISTANA),-11.2714,-39.1647,,2024-02-09T15:23:11.640+0000,5,"5 - Atlântico, Trecho Leste","50 - RIOS VAZA-BARRIS,ITAPICURU E .",RIO ITAPICURU,BAHIA,ARACI,50,50500000,16,16021000,114,114,2020-12-28T10:00:00.000+0000,2024-04-03T20:00:00.000+0000,INEMA-BA,INEMA-BA,Fluviométrica,1,111639090 - AÇUDE ARACI MONTANTE (OLARIA DO CAPISTANA),,False,False,False,S 11° 16' 17.04'',W 39° 9' 52.92'',28/12/2020 à 03/04/2024,,,6.0,,,
"{'horEstacao': 111639090, 'horDataHora': '2023-03-03T10:00:00.000+0000'}",50496600,50496600,50496600,,AÇUDE ARACI MONTANTE (OLARIA DO CAPISTANA),-11.2714,-39.1647,,2024-02-09T15:23:11.640+0000,5,"5 - Atlântico, Trecho Leste","50 - RIOS VAZA-BARRIS,ITAPICURU E .",RIO ITAPICURU,BAHIA,ARACI,50,50500000,16,16021000,114,114,2020-12-28T10:00:00.000+0000,2024-04-03T20:00:00.000+0000,INEMA-BA,INEMA-BA,Fluviométrica,1,111639090 - AÇUDE ARACI MONTANTE (OLARIA DO CAPISTANA),,False,False,False,S 11° 16' 17.04'',W 39° 9' 52.92'',28/12/2020 à 03/04/2024,,,6.0,,,
"{'horEstacao': 111639090, 'horDataHora': '2023-03-03T20:00:00.000+0000'}",50496600,50496600,50496600,,AÇUDE ARACI MONTANTE (OLARIA DO CAPISTANA),-11.2714,-39.1647,,2024-02-09T15:23:11.640+0000,5,"5 - Atlântico, Trecho Leste","50 - RIOS VAZA-BARRIS,ITAPICURU E .",RIO ITAPICURU,BAHIA,ARACI,50,50500000,16,16021000,114,114,2020-12-28T10:00:00.000+0000,2024-04-03T20:00:00.000+0000,INEMA-BA,INEMA-BA,Fluviométrica,1,111639090 - AÇUDE ARACI MONTANTE (OLARIA DO CAPISTANA),,False,False,False,S 11° 16' 17.04'',W 39° 9' 52.92'',28/12/2020 à 03/04/2024,,,6.0,,,
"{'horEstacao': 111639090, 'horDataHora': '2023-03-04T10:00:00.000+0000'}",50496600,50496600,50496600,,AÇUDE ARACI MONTANTE (OLARIA DO CAPISTANA),-11.2714,-39.1647,,2024-02-09T15:23:11.640+0000,5,"5 - Atlântico, Trecho Leste","50 - RIOS VAZA-BARRIS,ITAPICURU E .",RIO ITAPICURU,BAHIA,ARACI,50,50500000,16,16021000,114,114,2020-12-28T10:00:00.000+0000,2024-04-03T20:00:00.000+0000,INEMA-BA,INEMA-BA,Fluviométrica,1,111639090 - AÇUDE ARACI MONTANTE (OLARIA DO CAPISTANA),,False,False,False,S 11° 16' 17.04'',W 39° 9' 52.92'',28/12/2020 à 03/04/2024,,,6.0,,,
"{'horEstacao': 111639090, 'horDataHora': '2023-03-04T20:00:00.000+0000'}",50496600,50496600,50496600,,AÇUDE ARACI MONTANTE (OLARIA DO CAPISTANA),-11.2714,-39.1647,,2024-02-09T15:23:11.640+0000,5,"5 - Atlântico, Trecho Leste","50 - RIOS VAZA-BARRIS,ITAPICURU E .",RIO ITAPICURU,BAHIA,ARACI,50,50500000,16,16021000,114,114,2020-12-28T10:00:00.000+0000,2024-04-03T20:00:00.000+0000,INEMA-BA,INEMA-BA,Fluviométrica,1,111639090 - AÇUDE ARACI MONTANTE (OLARIA DO CAPISTANA),,False,False,False,S 11° 16' 17.04'',W 39° 9' 52.92'',28/12/2020 à 03/04/2024,,,6.0,,,
"{'horEstacao': 111639090, 'horDataHora': '2023-03-05T10:00:00.000+0000'}",50496600,50496600,50496600,,AÇUDE ARACI MONTANTE (OLARIA DO CAPISTANA),-11.2714,-39.1647,,2024-02-09T15:23:11.640+0000,5,"5 - Atlântico, Trecho Leste","50 - RIOS VAZA-BARRIS,ITAPICURU E .",RIO ITAPICURU,BAHIA,ARACI,50,50500000,16,16021000,114,114,2020-12-28T10:00:00.000+0000,2024-04-03T20:00:00.000+0000,INEMA-BA,INEMA-BA,Fluviométrica,1,111639090 - AÇUDE ARACI MONTANTE (OLARIA DO CAPISTANA),,False,False,False,S 11° 16' 17.04'',W 39° 9' 52.92'',28/12/2020 à 03/04/2024,,,6.0,,,
"{'horEstacao': 111639090, 'horDataHora': '2023-03-05T20:00:00.000+0000'}",50496600,50496600,50496600,,AÇUDE ARACI MONTANTE (OLARIA DO CAPISTANA),-11.2714,-39.1647,,2024-02-09T15:23:11.640+0000,5,"5 - Atlântico, Trecho Leste","50 - RIOS VAZA-BARRIS,ITAPICURU E .",RIO ITAPICURU,BAHIA,ARACI,50,50500000,16,16021000,114,114,2020-12-28T10:00:00.000+0000,2024-04-03T20:00:00.000+0000,INEMA-BA,INEMA-BA,Fluviométrica,1,111639090 - AÇUDE ARACI MONTANTE (OLARIA DO CAPISTANA),,False,False,False,S 11° 16' 17.04'',W 39° 9' 52.92'',28/12/2020 à 03/04/2024,,,6.0,,,
"{'horEstacao': 111639090, 'horDataHora': '2023-03-06T10:00:00.000+0000'}",50496600,50496600,50496600,,AÇUDE ARACI MONTANTE (OLARIA DO CAPISTANA),-11.2714,-39.1647,,2024-02-09T15:23:11.640+0000,5,"5 - Atlântico, Trecho Leste","50 - RIOS VAZA-BARRIS,ITAPICURU E .",RIO ITAPICURU,BAHIA,ARACI,50,50500000,16,16021000,114,114,2020-12-28T10:00:00.000+0000,2024-04-03T20:00:00.000+0000,INEMA-BA,INEMA-BA,Fluviométrica,1,111639090 - AÇUDE ARACI MONTANTE (OLARIA DO CAPISTANA),,False,False,False,S 11° 16' 17.04'',W 39° 9' 52.92'',28/12/2020 à 03/04/2024,,,6.0,,,
"{'horEstacao': 111639090, 'horDataHora': '2023-03-06T20:00:00.000+0000'}",50496600,50496600,50496600,,AÇUDE ARACI MONTANTE (OLARIA DO CAPISTANA),-11.2714,-39.1647,,2024-02-09T15:23:11.640+0000,5,"5 - Atlântico, Trecho Leste","50 - RIOS VAZA-BARRIS,ITAPICURU E .",RIO ITAPICURU,BAHIA,ARACI,50,50500000,16,16021000,114,114,2020-12-28T10:00:00.000+0000,2024-04-03T20:00:00.000+0000,INEMA-BA,INEMA-BA,Fluviométrica,1,111639090 - AÇUDE ARACI MONTANTE (OLARIA DO CAPISTANA),,False,False,False,S 11° 16' 17.04'',W 39° 9' 52.92'',28/12/2020 à 03/04/2024,,,6.0,,,
"{'horEstacao': 111639090, 'horDataHora': '2023-03-07T10:00:00.000+0000'}",50496600,50496600,50496600,,AÇUDE ARACI MONTANTE (OLARIA DO CAPISTANA),-11.2714,-39.1647,,2024-02-09T15:23:11.640+0000,5,"5 - Atlântico, Trecho Leste","50 - RIOS VAZA-BARRIS,ITAPICURU E .",RIO ITAPICURU,BAHIA,ARACI,50,50500000,16,16021000,114,114,2020-12-28T10:00:00.000+0000,2024-04-03T20:00:00.000+0000,INEMA-BA,INEMA-BA,Fluviométrica,1,111639090 - AÇUDE ARACI MONTANTE (OLARIA DO CAPISTANA),,False,False,False,S 11° 16' 17.04'',W 39° 9' 52.92'',28/12/2020 à 03/04/2024,,,6.0,,,
"{'horEstacao': 111639090, 'horDataHora': '2023-03-07T20:00:00.000+0000'}",50496600,50496600,50496600,,AÇUDE ARACI MONTANTE (OLARIA DO CAPISTANA),-11.2714,-39.1647,,2024-02-09T15:23:11.640+0000,5,"5 - Atlântico, Trecho Leste","50 - RIOS VAZA-BARRIS,ITAPICURU E .",RIO ITAPICURU,BAHIA,ARACI,50,50500000,16,16021000,114,114,2020-12-28T10:00:00.000+0000,2024-04-03T20:00:00.000+0000,INEMA-BA,INEMA-BA,Fluviométrica,1,111639090 - AÇUDE ARACI MONTANTE (OLARIA DO CAPISTANA),,False,False,False,S 11° 16' 17.04'',W 39° 9' 52.92'',28/12/2020 à 03/04/2024,,,6.0,,,
"{'horEstacao': 111639090, 'horDataHora': '2023-03-08T10:00:00.000+0000'}",50496600,50496600,50496600,,AÇUDE ARACI MONTANTE (OLARIA DO CAPISTANA),-11.2714,-39.1647,,2024-02-09T15:23:11.640+0000,5,"5 - Atlântico, Trecho Leste","50 - RIOS VAZA-BARRIS,ITAPICURU E .",RIO ITAPICURU,BAHIA,ARACI,50,50500000,16,16021000,114,114,2020-12-28T10:00:00.000+0000,2024-04-03T20:00:00.000+0000,INEMA-BA,INEMA-BA,Fluviométrica,1,111639090 - AÇUDE ARACI MONTANTE (OLARIA DO CAPISTANA),,False,False,False,S 11° 16' 17.04'',W 39° 9' 52.92'',28/12/2020 à 03/04/2024,,,6.0,,,
"{'horEstacao': 111639090, 'horDataHora': '2023-03-08T20:00:00.000+0000'}",50496600,50496600,50496600,,AÇUDE ARACI MONTANTE (OLARIA DO CAPISTANA),-11.2714,-39.1647,,2024-02-09T15:23:11.640+0000,5,"5 - Atlântico, Trecho Leste","50 - RIOS VAZA-BARRIS,ITAPICURU E .",RIO ITAPICURU,BAHIA,ARACI,50,50500000,16,16021000,114,114,2020-12-28T10:00:00.000+0000,2024-04-03T20:00:00.000+0000,INEMA-BA,INEMA-BA,Fluviométrica,1,111639090 - AÇUDE ARACI MONTANTE (OLARIA DO CAPISTANA),,False,False,False,S 11° 16' 17.04'',W 39° 9' 52.92'',28/12/2020 à 03/04/2024,,,6.0,,,
"{'horEstacao': 111639090, 'horDataHora': '2023-03-09T10:00:00.000+0000'}",50496600,50496600,50496600,,AÇUDE ARACI MONTANTE (OLARIA DO CAPISTANA),-11.2714,-39.1647,,2024-02-09T15:23:11.640+0000,5,"5 - Atlântico, Trecho Leste","50 - RIOS VAZA-BARRIS,ITAPICURU E .",RIO ITAPICURU,BAHIA,ARACI,50,50500000,16,16021000,114,114,2020-12-28T10:00:00.000+0000,2024-04-03T20:00:00.000+0000,INEMA-BA,INEMA-BA,Fluviométrica,1,111639090 - AÇUDE ARACI MONTANTE (OLARIA DO CAPISTANA),,False,False,False,S 11° 16' 17.04'',W 39° 9' 52.92'',28/12/2020 à 03/04/2024,,,6.0,,,
"{'horEstacao': 111639090, 'horDataHora': '2023-03-09T20:00:00.000+0000'}",50496600,50496600,50496600,,AÇUDE ARACI MONTANTE (OLARIA DO CAPISTANA),-11.2714,-39.1647,,2024-02-09T15:23:11.640+0000,5,"5 - Atlântico, Trecho Leste","50 - RIOS VAZA-BARRIS,ITAPICURU E .",RIO ITAPICURU,BAHIA,ARACI,50,50500000,16,16021000,114,114,2020-12-28T10:00:00.000+0000,2024-04-03T20:00:00.000+0000,INEMA-BA,INEMA-BA,Fluviométrica,1,111639090 - AÇUDE ARACI MONTANTE (OLARIA DO CAPISTANA),,False,False,False,S 11° 16' 17.04'',W 39° 9' 52.92'',28/12/2020 à 03/04/2024,,,6.0,,,
"{'horEstacao': 111639090, 'horDataHora': '2023-03-10T10:00:00.000+0000'}",50496600,50496600,50496600,,AÇUDE ARACI MONTANTE (OLARIA DO CAPISTANA),-11.2714,-39.1647,,2024-02-09T15:23:11.640+0000,5,"5 - Atlântico, Trecho Leste","50 - RIOS VAZA-BARRIS,ITAPICURU E .",RIO ITAPICURU,BAHIA,ARACI,50,50500000,16,16021000,114,114,2020-12-28T10:00:00.000+0000,2024-04-03T20:00:00.000+0000,INEMA-BA,INEMA-BA,Fluviométrica,1,111639090 - AÇUDE ARACI MONTANTE (OLARIA DO CAPISTANA),,False,False,False,S 11° 16' 17.04'',W 39° 9' 52.92'',28/12/2020 à 03/04/2024,,,6.0,,,
"{'horEstacao': 111639090, 'horDataHora': '2023-03-10T20:00:00.000+0000'}",50496600,50496600,50496600,,AÇUDE ARACI MONTANTE (OLARIA DO CAPISTANA),-11.2714,-39.1647,,2024-02-09T15:23:11.640+0000,5,"5 - Atlântico, Trecho Leste","50 - RIOS VAZA-BARRIS,ITAPICURU E .",RIO ITAPICURU,BAHIA,ARACI,50,50500000,16,16021000,114,114,2020-12-28T10:00:00.000+0000,2024-04-03T20:00:00.000+0000,INEMA-BA,INEMA-BA,Fluviométrica,1,111639090 - AÇUDE ARACI MONTANTE (OLARIA DO CAPISTANA),,False,False,False,S 11° 16' 17.04'',W 39° 9' 52.92'',28/12/2020 à 03/04/2024,,,6.0,,,
"{'horEstacao': 111639090, 'horDataHora': '2023-03-11T10:00:00.000+0000'}",50496600,50496600,50496600,,AÇUDE ARACI MONTANTE (OLARIA DO CAPISTANA),-11.2714,-39.1647,,2024-02-09T15:23:11.640+0000,5,"5 - Atlântico, Trecho Leste","50 - RIOS VAZA-BARRIS,ITAPICURU E .",RIO ITAPICURU,BAHIA,ARACI,50,50500000,16,16021000,114,114,2020-12-28T10:00:00.000+0000,2024-04-03T20:00:00.000+0000,INEMA-BA,INEMA-BA,Fluviométrica,1,111639090 - AÇUDE ARACI MONTANTE (OLARIA DO CAPISTANA),,False,False,False,S 11° 16' 17.04'',W 39° 9' 52.92'',28/12/2020 à 03/04/2024,,,6.0,,,
"{'horEstacao': 111639090, 'horDataHora': '2023-03-11T20:00:00.000+0000'}",50496600,50496600,50496600,,AÇUDE ARACI MONTANTE (OLARIA DO CAPISTANA),-11.2714,-39.1647,,2024-02-09T15:23:11.640+0000,5,"5 - Atlântico, Trecho Leste","50 - RIOS VAZA-BARRIS,ITAPICURU E .",RIO ITAPICURU,BAHIA,ARACI,50,50500000,16,16021000,114,114,2020-12-28T10:00:00.000+0000,2024-04-03T20:00:00.000+0000,INEMA-BA,INEMA-BA,Fluviométrica,1,111639090 - AÇUDE ARACI MONTANTE (OLARIA DO CAPISTANA),,False,False,False,S 11° 16' 17.04'',W 39° 9' 52.92'',28/12/2020 à 03/04/2024,,,6.0,,,
"{'horEstacao': 111639090, 'horDataHora': '2023-03-12T10:00:00.000+0000'}",50496600,50496600,50496600,,AÇUDE ARACI MONTANTE (OLARIA DO CAPISTANA),-11.2714,-39.1647,,2024-02-09T15:23:11.640+0000,5,"5 - Atlântico, Trecho Leste","50 - RIOS VAZA-BARRIS,ITAPICURU E .",RIO ITAPICURU,BAHIA,ARACI,50,50500000,16,16021000,114,114,2020-12-28T10:00:00.000+0000,2024-04-03T20:00:00.000+0000,INEMA-BA,INEMA-BA,Fluviométrica,1,111639090 - AÇUDE ARACI MONTANTE (OLARIA DO CAPISTANA),,False,False,False,S 11° 16' 17.04'',W 39° 9' 52.92'',28/12/2020 à 03/04/2024,,,6.0,,,
"{'horEstacao': 111639090, 'horDataHora': '2023-03-12T20:00:00.000+0000'}",50496600,50496600,50496600,,AÇUDE ARACI MONTANTE (OLARIA DO CAPISTANA),-11.2714,-39.1647,,2024-02-09T15:23:11.640+0000,5,"5 - Atlântico, Trecho Leste","50 - RIOS VAZA-BARRIS,ITAPICURU E .",RIO ITAPICURU,BAHIA,ARACI,50,50500000,16,16021000,114,114,2020-12-28T10:00:00.000+0000,2024-04-03T20:00:00.000+0000,INEMA-BA,INEMA-BA,Fluviométrica,1,111639090 - AÇUDE ARACI MONTANTE (OLARIA DO CAPISTANA),,False,False,False,S 11° 16' 17.04'',W 39° 9' 52.92'',28/12/2020 à 03/04/2024,,,6.0,,,
"{'horEstacao': 111639090, 'horDataHora': '2023-03-13T10:00:00.000+0000'}",50496600,50496600,50496600,,AÇUDE ARACI MONTANTE (OLARIA DO CAPISTANA),-11.2714,-39.1647,,2024-02-09T15:23:11.640+0000,5,"5 - Atlântico, Trecho Leste","50 - RIOS VAZA-BARRIS,ITAPICURU E .",RIO ITAPICURU,BAHIA,ARACI,50,50500000,16,16021000,114,114,2020-12-28T10:00:00.000+0000,2024-04-03T20:00:00.000+0000,INEMA-BA,INEMA-BA,Fluviométrica,1,111639090 - AÇUDE ARACI MONTANTE (OLARIA DO CAPISTANA),,False,False,False,S 11° 16' 17.04'',W 39° 9' 52.92'',28/12/2020 à 03/04/2024,,,6.0,,,
"{'horEstacao': 111639090, 'horDataHora': '2023-03-13T20:00:00.000+0000'}",50496600,50496600,50496600,,AÇUDE ARACI MONTANTE (OLARIA DO CAPISTANA),-11.2714,-39.1647,,2024-02-09T15:23:11.640+0000,5,"5 - Atlântico, Trecho Leste","50 - RIOS VAZA-BARRIS,ITAPICURU E .",RIO ITAPICURU,BAHIA,ARACI,50,50500000,16,16021000,114,114,2020-12-28T10:00:00.000+0000,2024-04-03T20:00:00.000+0000,INEMA-BA,INEMA-BA,Fluviométrica,1,111639090 - AÇUDE ARACI MONTANTE (OLARIA DO CAPISTANA),,False,False,False,S 11° 16' 17.04'',W 39° 9' 52.92'',28/12/2020 à 03/04/2024,,,6.0,,,
"{'horEstacao': 111639090, 'horDataHora': '2023-03-14T10:00:00.000+0000'}",50496600,50496600,50496600,,AÇUDE ARACI MONTANTE (OLARIA DO CAPISTANA),-11.2714,-39.1647,,2024-02-09T15:23:11.640+0000,5,"5 - Atlântico, Trecho Leste","50 - RIOS VAZA-BARRIS,ITAPICURU E .",RIO ITAPICURU,BAHIA,ARACI,50,50500000,16,16021000,114,114,2020-12-28T10:00:00.000+0000,2024-04-03T20:00:00.000+0000,INEMA-BA,INEMA-BA,Fluviométrica,1,111639090 - AÇUDE ARACI MONTANTE (OLARIA DO CAPISTANA),,False,False,False,S 11° 16' 17.04'',W 39° 9' 52.92'',28/12/2020 à 03/04/2024,,,6.0,,,
"{'horEstacao': 111639090, 'horDataHora': '2023-03-14T20:00:00.000+0000'}",50496600,50496600,50496600,,AÇUDE ARACI MONTANTE (OLARIA DO CAPISTANA),-11.2714,-39.1647,,2024-02-09T15:23:11.640+0000,5,"5 - Atlântico, Trecho Leste","50 - RIOS VAZA-BARRIS,ITAPICURU E .",RIO ITAPICURU,BAHIA,ARACI,50,50500000,16,16021000,114,114,2020-12-28T10:00:00.000+0000,2024-04-03T20:00:00.000+0000,INEMA-BA,INEMA-BA,Fluviométrica,1,111639090 - AÇUDE ARACI MONTANTE (OLARIA DO CAPISTANA),,False,False,False,S 11° 16' 17.04'',W 39° 9' 52.92'',28/12/2020 à 03/04/2024,,,6.0,,,
"{'horEstacao': 111639090, 'horDataHora': '2023-03-15T10:00:00.000+0000'}",50496600,50496600,50496600,,AÇUDE ARACI MONTANTE (OLARIA DO CAPISTANA),-11.2714,-39.1647,,2024-02-09T15:23:11.640+0000,5,"5 - Atlântico, Trecho Leste","50 - RIOS VAZA-BARRIS,ITAPICURU E .",RIO ITAPICURU,BAHIA,ARACI,50,50500000,16,16021000,114,114,2020-12-28T10:00:00.000+0000,2024-04-03T20:00:00.000+0000,INEMA-BA,INEMA-BA,Fluviométrica,1,111639090 - AÇUDE ARACI MONTANTE (OLARIA DO CAPISTANA),,False,False,False,S 11° 16' 17.04'',W 39° 9' 52.92'',28/12/2020 à 03/04/2024,,,6.0,,,
"{'horEstacao': 111639090, 'horDataHora': '2023-03-15T20:00:00.000+0000'}",50496600,50496600,50496600,,AÇUDE ARACI MONTANTE (OLARIA DO CAPISTANA),-11.2714,-39.1647,,2024-02-09T15:23:11.640+0000,5,"5 - Atlântico, Trecho Leste","50 - RIOS VAZA-BARRIS,ITAPICURU E .",RIO ITAPICURU,BAHIA,ARACI,50,50500000,16,16021000,114,114,2020-12-28T10:00:00.000+0000,2024-04-03T20:00:00.000+0000,INEMA-BA,INEMA-BA,Fluviométrica,1,111639090 - AÇUDE ARACI MONTANTE (OLARIA DO CAPISTANA),,False,False,False,S 11° 16' 17.04'',W 39° 9' 52.92'',28/12/2020 à 03/04/2024,,,6.0,,,
"{'horEstacao': 111639090, 'horDataHora': '2023-03-16T10:00:00.000+0000'}",50496600,50496600,50496600,,AÇUDE ARACI MONTANTE (OLARIA DO CAPISTANA),-11.2714,-39.1647,,2024-02-09T15:23:11.640+0000,5,"5 - Atlântico, Trecho Leste","50 - RIOS VAZA-BARRIS,ITAPICURU E .",RIO ITAPICURU,BAHIA,ARACI,50,50500000,16,16021000,114,114,2020-12-28T10:00:00.000+0000,2024-04-03T20:00:00.000+0000,INEMA-BA,INEMA-BA,Fluviométrica,1,111639090 - AÇUDE ARACI MONTANTE (OLARIA DO CAPISTANA),,False,False,False,S 11° 16' 17.04'',W 39° 9' 52.92'',28/12/2020 à 03/04/2024,,,6.0,,,
"{'horEstacao': 111639090, 'horDataHora': '2023-03-16T20:00:00.000+0000'}",50496600,50496600,50496600,,AÇUDE ARACI MONTANTE (OLARIA DO CAPISTANA),-11.2714,-39.1647,,2024-02-09T15:23:11.640+0000,5,"5 - Atlântico, Trecho Leste","50 - RIOS VAZA-BARRIS,ITAPICURU E .",RIO ITAPICURU,BAHIA,ARACI,50,50500000,16,16021000,114,114,2020-12-28T10:00:00.000+0000,2024-04-03T20:00:00.000+0000,INEMA-BA,INEMA-BA,Fluviométrica,1,111639090 - AÇUDE ARACI MONTANTE (OLARIA DO CAPISTANA),,False,False,False,S 11° 16' 17.04'',W 39° 9' 52.92'',28/12/2020 à 03/04/2024,,,6.0,,,
"{'horEstacao': 111639090, 'horDataHora': '2023-03-17T10:00:00.000+0000'}",50496600,50496600,50496600,,AÇUDE ARACI MONTANTE (OLARIA DO CAPISTANA),-11.2714,-39.1647,,2024-02-09T15:23:11.640+0000,5,"5 - Atlântico, Trecho Leste","50 - RIOS VAZA-BARRIS,ITAPICURU E .",RIO ITAPICURU,BAHIA,ARACI,50,50500000,16,16021000,114,114,2020-12-28T10:00:00.000+0000,2024-04-03T20:00:00.000+0000,INEMA-BA,INEMA-BA,Fluviométrica,1,111639090 - AÇUDE ARACI MONTANTE (OLARIA DO CAPISTANA),,False,False,False,S 11° 16' 17.04'',W 39° 9' 52.92'',28/12/2020 à 03/04/2024,,,6.0,,,
"{'horEstacao': 111639090, 'horDataHora': '2023-03-17T20:00:00.000+0000'}",50496600,50496600,50496600,,AÇUDE ARACI MONTANTE (OLARIA DO CAPISTANA),-11.2714,-39.1647,,2024-02-09T15:23:11.640+0000,5,"5 - Atlântico, Trecho Leste","50 - RIOS VAZA-BARRIS,ITAPICURU E .",RIO ITAPICURU,BAHIA,ARACI,50,50500000,16,16021000,114,114,2020-12-28T10:00:00.000+0000,2024-04-03T20:00:00.000+0000,INEMA-BA,INEMA-BA,Fluviométrica,1,111639090 - AÇUDE ARACI MONTANTE (OLARIA DO CAPISTANA),,False,False,False,S 11° 16' 17.04'',W 39° 9' 52.92'',28/12/2020 à 03/04/2024,,,6.0,,,
"{'horEstacao': 111639090, 'horDataHora': '2023-03-18T10:00:00.000+0000'}",50496600,50496600,50496600,,AÇUDE ARACI MONTANTE (OLARIA DO CAPISTANA),-11.2714,-39.1647,,2024-02-09T15:23:11.640+0000,5,"5 - Atlântico, Trecho Leste","50 - RIOS VAZA-BARRIS,ITAPICURU E .",RIO ITAPICURU,BAHIA,ARACI,50,50500000,16,16021000,114,114,2020-12-28T10:00:00.000+0000,2024-04-03T20:00:00.000+0000,INEMA-BA,INEMA-BA,Fluviométrica,1,111639090 - AÇUDE ARACI MONTANTE (OLARIA DO CAPISTANA),,False,False,False,S 11° 16' 17.04'',W 39° 9' 52.92'',28/12/2020 à 03/04/2024,,,6.0,,,
"{'horEstacao': 111639090, 'horDataHora': '2023-03-18T20:00:00.000+0000'}",50496600,50496600,50496600,,AÇUDE ARACI MONTANTE (OLARIA DO CAPISTANA),-11.2714,-39.1647,,2024-02-09T15:23:11.640+0000,5,"5 - Atlântico, Trecho Leste","50 - RIOS VAZA-BARRIS,ITAPICURU E .",RIO ITAPICURU,BAHIA,ARACI,50,50500000,16,16021000,114,114,2020-12-28T10:00:00.000+0000,2024-04-03T20:00:00.000+0000,INEMA-BA,INEMA-BA,Fluviométrica,1,111639090 - AÇUDE ARACI MONTANTE (OLARIA DO CAPISTANA),,False,False,False,S 11° 16' 17.04'',W 39° 9' 52.92'',28/12/2020 à 03/04/2024,,,6.0,,,
"{'horEstacao': 111639090, 'horDataHora': '2023-03-19T10:00:00.000+0000'}",50496600,50496600,50496600,,AÇUDE ARACI MONTANTE (OLARIA DO CAPISTANA),-11.2714,-39.1647,,2024-02-09T15:23:11.640+0000,5,"5 - Atlântico, Trecho Leste","50 - RIOS VAZA-BARRIS,ITAPICURU E .",RIO ITAPICURU,BAHIA,ARACI,50,50500000,16,16021000,114,114,2020-12-28T10:00:00.000+0000,2024-04-03T20:00:00.000+0000,INEMA-BA,INEMA-BA,Fluviométrica,1,111639090 - AÇUDE ARACI MONTANTE (OLARIA DO CAPISTANA),,False,False,False,S 11° 16' 17.04'',W 39° 9' 52.92'',28/12/2020 à 03/04/2024,,,6.0,,,
"{'horEstacao': 111639090, 'horDataHora': '2023-03-19T20:00:00.000+0000'}",50496600,50496600,50496600,,AÇUDE ARACI MONTANTE (OLARIA DO CAPISTANA),-11.2714,-39.1647,,2024-02-09T15:23:11.640+0000,5,"5 - Atlântico, Trecho Leste","50 - RIOS VAZA-BARRIS,ITAPICURU E .",RIO ITAPICURU,BAHIA,ARACI,50,50500000,16,16021000,114,114,2020-12-28T10:00:00.000+0000,2024-04-03T20:00:00.000+0000,INEMA-BA,INEMA-BA,Fluviométrica,1,111639090 - AÇUDE ARACI MONTANTE (OLARIA DO CAPISTANA),,False,False,False,S 11° 16' 17.04'',W 39° 9' 52.92'',28/12/2020 à 03/04/2024,,,6.0,,,
"{'horEstacao': 111639090, 'horDataHora': '2023-03-20T10:00:00.000+0000'}",50496600,50496600,50496600,,AÇUDE ARACI MONTANTE (OLARIA DO CAPISTANA),-11.2714,-39.1647,,2024-02-09T15:23:11.640+0000,5,"5 - Atlântico, Trecho Leste","50 - RIOS VAZA-BARRIS,ITAPICURU E .",RIO ITAPICURU,BAHIA,ARACI,50,50500000,16,16021000,114,114,2020-12-28T10:00:00.000+0000,2024-04-03T20:00:00.000+0000,INEMA-BA,INEMA-BA,Fluviométrica,1,111639090 - AÇUDE ARACI MONTANTE (OLARIA DO CAPISTANA),,False,False,False,S 11° 16' 17.04'',W 39° 9' 52.92'',28/12/2020 à 03/04/2024,,,6.0,,,
"{'horEstacao': 111639090, 'horDataHora': '2023-03-20T20:00:00.000+0000'}",50496600,50496600,50496600,,AÇUDE ARACI MONTANTE (OLARIA DO CAPISTANA),-11.2714,-39.1647,,2024-02-09T15:23:11.640+0000,5,"5 - Atlântico, Trecho Leste","50 - RIOS VAZA-BARRIS,ITAPICURU E .",RIO ITAPICURU,BAHIA,ARACI,50,50500000,16,16021000,114,114,2020-12-28T10:00:00.000+0000,2024-04-03T20:00:00.000+0000,INEMA-BA,INEMA-BA,Fluviométrica,1,111639090 - AÇUDE ARACI MONTANTE (OLARIA DO CAPISTANA),,False,False,False,S 11° 16' 17.04'',W 39° 9' 52.92'',28/12/2020 à 03/04/2024,,,6.0,,,
"{'horEstacao': 111639090, 'horDataHora': '2023-03-21T10:00:00.000+0000'}",50496600,50496600,50496600,,AÇUDE ARACI MONTANTE (OLARIA DO CAPISTANA),-11.2714,-39.1647,,2024-02-09T15:23:11.640+0000,5,"5 - Atlântico, Trecho Leste","50 - RIOS VAZA-BARRIS,ITAPICURU E .",RIO ITAPICURU,BAHIA,ARACI,50,50500000,16,16021000,114,114,2020-12-28T10:00:00.000+0000,2024-04-03T20:00:00.000+0000,INEMA-BA,INEMA-BA,Fluviométrica,1,111639090 - AÇUDE ARACI MONTANTE (OLARIA DO CAPISTANA),,False,False,False,S 11° 16' 17.04'',W 39° 9' 52.92'',28/12/2020 à 03/04/2024,,,6.0,,,
"{'horEstacao': 111639090, 'horDataHora': '2023-03-21T20:00:00.000+0000'}",50496600,50496600,50496600,,AÇUDE ARACI MONTANTE (OLARIA DO CAPISTANA),-11.2714,-39.1647,,2024-02-09T15:23:11.640+0000,5,"5 - Atlântico, Trecho Leste","50 - RIOS VAZA-BARRIS,ITAPICURU E .",RIO ITAPICURU,BAHIA,ARACI,50,50500000,16,16021000,114,114,2020-12-28T10:00:00.000+0000,2024-04-03T20:00:00.000+0000,INEMA-BA,INEMA-BA,Fluviométrica,1,111639090 - AÇUDE ARACI MONTANTE (OLARIA DO CAPISTANA),,False,False,False,S 11° 16' 17.04'',W 39° 9' 52.92'',28/12/2020 à 03/04/2024,,,6.0,,,
"{'horEstacao': 111639090, 'horDataHora': '2023-03-22T10:00:00.000+0000'}",50496600,50496600,50496600,,AÇUDE ARACI MONTANTE (OLARIA DO CAPISTANA),-11.2714,-39.1647,,2024-02-09T15:23:11.640+0000,5,"5 - Atlântico, Trecho Leste","50 - RIOS VAZA-BARRIS,ITAPICURU E .",RIO ITAPICURU,BAHIA,ARACI,50,50500000,16,16021000,114,114,2020-12-28T10:00:00.000+0000,2024-04-03T20:00:00.000+0000,INEMA-BA,INEMA-BA,Fluviométrica,1,111639090 - AÇUDE ARACI MONTANTE (OLARIA DO CAPISTANA),,False,False,False,S 11° 16' 17.04'',W 39° 9' 52.92'',28/12/2020 à 03/04/2024,,,6.0,,,
"{'horEstacao': 111639090, 'horDataHora': '2023-03-22T20:00:00.000+0000'}",50496600,50496600,50496600,,AÇUDE ARACI MONTANTE (OLARIA DO CAPISTANA),-11.2714,-39.1647,,2024-02-09T15:23:11.640+0000,5,"5 - Atlântico, Trecho Leste","50 - RIOS VAZA-BARRIS,ITAPICURU E .",RIO ITAPICURU,BAHIA,ARACI,50,50500000,16,16021000,114,114,2020-12-28T10:00:00.000+0000,2024-04-03T20:00:00.000+0000,INEMA-BA,INEMA-BA,Fluviométrica,1,111639090 - AÇUDE ARACI MONTANTE (OLARIA DO CAPISTANA),,False,False,False,S 11° 16' 17.04'',W 39° 9' 52.92'',28/12/2020 à 03/04/2024,,,6.0,,,
"{'horEstacao': 111639090, 'horDataHora': '2023-03-23T10:00:00.000+0000'}",50496600,50496600,50496600,,AÇUDE ARACI MONTANTE (OLARIA DO CAPISTANA),-11.2714,-39.1647,,2024-02-09T15:23:11.640+0000,5,"5 - Atlântico, Trecho Leste","50 - RIOS VAZA-BARRIS,ITAPICURU E .",RIO ITAPICURU,BAHIA,ARACI,50,50500000,16,16021000,114,114,2020-12-28T10:00:00.000+0000,2024-04-03T20:00:00.000+0000,INEMA-BA,INEMA-BA,Fluviométrica,1,111639090 - AÇUDE ARACI MONTANTE (OLARIA DO CAPISTANA),,False,False,False,S 11° 16' 17.04'',W 39° 9' 52.92'',28/12/2020 à 03/04/2024,,,6.0,,,
"{'horEstacao': 111639090, 'horDataHora': '2023-03-23T20:00:00.000+0000'}",50496600,50496600,50496600,,AÇUDE ARACI MONTANTE (OLARIA DO CAPISTANA),-11.2714,-39.1647,,2024-02-09T15:23:11.640+0000,5,"5 - Atlântico, Trecho Leste","50 - RIOS VAZA-BARRIS,ITAPICURU E .",RIO ITAPICURU,BAHIA,ARACI,50,50500000,16,16021000,114,114,2020-12-28T10:00:00.000+0000,2024-04-03T20:00:00.000+0000,INEMA-BA,INEMA-BA,Fluviométrica,1,111639090 - AÇUDE ARACI MONTANTE (OLARIA DO CAPISTANA),,False,False,False,S 11° 16' 17.04'',W 39° 9' 52.92'',28/12/2020 à 03/04/2024,,,6.0,,,
"{'horEstacao': 111639090, 'horDataHora': '2023-03-24T10:00:00.000+0000'}",50496600,50496600,50496600,,AÇUDE ARACI MONTANTE (OLARIA DO CAPISTANA),-11.2714,-39.1647,,2024-02-09T15:23:11.640+0000,5,"5 - Atlântico, Trecho Leste","50 - RIOS VAZA-BARRIS,ITAPICURU E .",RIO ITAPICURU,BAHIA,ARACI,50,50500000,16,16021000,114,114,2020-12-28T10:00:00.000+0000,2024-04-03T20:00:00.000+0000,INEMA-BA,INEMA-BA,Fluviométrica,1,111639090 - AÇUDE ARACI MONTANTE (OLARIA DO CAPISTANA),,False,False,False,S 11° 16' 17.04'',W 39° 9' 52.92'',28/12/2020 à 03/04/2024,,,6.0,,,
"{'horEstacao': 111639090, 'horDataHora': '2023-03-24T20:00:00.000+0000'}",50496600,50496600,50496600,,AÇUDE ARACI MONTANTE (OLARIA DO CAPISTANA),-11.2714,-39.1647,,2024-02-09T15:23:11.640+0000,5,"5 - Atlântico, Trecho Leste","50 - RIOS VAZA-BARRIS,ITAPICURU E .",RIO ITAPICURU,BAHIA,ARACI,50,50500000,16,16021000,114,114,2020-12-28T10:00:00.000+0000,2024-04-03T20:00:00.000+0000,INEMA-BA,INEMA-BA,Fluviométrica,1,111639090 - AÇUDE ARACI MONTANTE (OLARIA DO CAPISTANA),,False,False,False,S 11° 16' 17.04'',W 39° 9' 52.92'',28/12/2020 à 03/04/2024,,,6.0,,,
"{'horEstacao': 111639090, 'horDataHora': '2023-03-25T10:00:00.000+0000'}",50496600,50496600,50496600,,AÇUDE ARACI MONTANTE (OLARIA DO CAPISTANA),-11.2714,-39.1647,,2024-02-09T15:23:11.640+0000,5,"5 - Atlântico, Trecho Leste","50 - RIOS VAZA-BARRIS,ITAPICURU E .",RIO ITAPICURU,BAHIA,ARACI,50,50500000,16,16021000,114,114,2020-12-28T10:00:00.000+0000,2024-04-03T20:00:00.000+0000,INEMA-BA,INEMA-BA,Fluviométrica,1,111639090 - AÇUDE ARACI MONTANTE (OLARIA DO CAPISTANA),,False,False,False,S 11° 16' 17.04'',W 39° 9' 52.92'',28/12/2020 à 03/04/2024,,,6.0,,,
"{'horEstacao': 111639090, 'horDataHora': '2023-03-25T20:00:00.000+0000'}",50496600,50496600,50496600,,AÇUDE ARACI MONTANTE (OLARIA DO CAPISTANA),-11.2714,-39.1647,,2024-02-09T15:23:11.640+0000,5,"5 - Atlântico, Trecho Leste","50 - RIOS VAZA-BARRIS,ITAPICURU E .",RIO ITAPICURU,BAHIA,ARACI,50,50500000,16,16021000,114,114,2020-12-28T10:00:00.000+0000,2024-04-03T20:00:00.000+0000,INEMA-BA,INEMA-BA,Fluviométrica,1,111639090 - AÇUDE ARACI MONTANTE (OLARIA DO CAPISTANA),,False,False,False,S 11° 16' 17.04'',W 39° 9' 52.92'',28/12/2020 à 03/04/2024,,,6.0,,,
"{'horEstacao': 111639090, 'horDataHora': '2023-03-26T10:00:00.000+0000'}",50496600,50496600,50496600,,AÇUDE ARACI MONTANTE (OLARIA DO CAPISTANA),-11.2714,-39.1647,,2024-02-09T15:23:11.640+0000,5,"5 - Atlântico, Trecho Leste","50 - RIOS VAZA-BARRIS,ITAPICURU E .",RIO ITAPICURU,BAHIA,ARACI,50,50500000,16,16021000,114,114,2020-12-28T10:00:00.000+0000,2024-04-03T20:00:00.000+0000,INEMA-BA,INEMA-BA,Fluviométrica,1,111639090 - AÇUDE ARACI MONTANTE (OLARIA DO CAPISTANA),,False,False,False,S 11° 16' 17.04'',W 39° 9' 52.92'',28/12/2020 à 03/04/2024,,,6.0,,,
"{'horEstacao': 111639090, 'horDataHora': '2023-03-26T20:00:00.000+0000'}",50496600,50496600,50496600,,AÇUDE ARACI MONTANTE (OLARIA DO CAPISTANA),-11.2714,-39.1647,,2024-02-09T15:23:11.640+0000,5,"5 - Atlântico, Trecho Leste","50 - RIOS VAZA-BARRIS,ITAPICURU E .",RIO ITAPICURU,BAHIA,ARACI,50,50500000,16,16021000,114,114,2020-12-28T10:00:00.000+0000,2024-04-03T20:00:00.000+0000,INEMA-BA,INEMA-BA,Fluviométrica,1,111639090 - AÇUDE ARACI MONTANTE (OLARIA DO CAPISTANA),,False,False,False,S 11° 16' 17.04'',W 39° 9' 52.92'',28/12/2020 à 03/04/2024,,,6.0,,,
"{'horEstacao': 111639090, 'horDataHora': '2023-03-27T10:00:00.000+0000'}",50496600,50496600,50496600,,AÇUDE ARACI MONTANTE (OLARIA DO CAPISTANA),-11.2714,-39.1647,,2024-02-09T15:23:11.640+0000,5,"5 - Atlântico, Trecho Leste","50 - RIOS VAZA-BARRIS,ITAPICURU E .",RIO ITAPICURU,BAHIA,ARACI,50,50500000,16,16021000,114,114,2020-12-28T10:00:00.000+0000,2024-04-03T20:00:00.000+0000,INEMA-BA,INEMA-BA,Fluviométrica,1,111639090 - AÇUDE ARACI MONTANTE (OLARIA DO CAPISTANA),,False,False,False,S 11° 16' 17.04'',W 39° 9' 52.92'',28/12/2020 à 03/04/2024,,,6.0,,,
"{'horEstacao': 111639090, 'horDataHora': '2023-03-27T20:00:00.000+0000'}",50496600,50496600,50496600,,AÇUDE ARACI MONTANTE (OLARIA DO CAPISTANA),-11.2714,-39.1647,,2024-02-09T15:23:11.640+0000,5,"5 - Atlântico, Trecho Leste","50 - RIOS VAZA-BARRIS,ITAPICURU E .",RIO ITAPICURU,BAHIA,ARACI,50,50500000,16,16021000,114,114,2020-12-28T10:00:00.000+0000,2024-04-03T20:00:00.000+0000,INEMA-BA,INEMA-BA,Fluviométrica,1,111639090 - AÇUDE ARACI MONTANTE (OLARIA DO CAPISTANA),,False,False,False,S 11° 16' 17.04'',W 39° 9' 52.92'',28/12/2020 à 03/04/2024,,,6.0,,,
"{'horEstacao': 111639090, 'horDataHora': '2023-03-28T10:00:00.000+0000'}",50496600,50496600,50496600,,AÇUDE ARACI MONTANTE (OLARIA DO CAPISTANA),-11.2714,-39.1647,,2024-02-09T15:23:11.640+0000,5,"5 - Atlântico, Trecho Leste","50 - RIOS VAZA-BARRIS,ITAPICURU E .",RIO ITAPICURU,BAHIA,ARACI,50,50500000,16,16021000,114,114,2020-12-28T10:00:00.000+0000,2024-04-03T20:00:00.000+0000,INEMA-BA,INEMA-BA,Fluviométrica,1,111639090 - AÇUDE ARACI MONTANTE (OLARIA DO CAPISTANA),,False,False,False,S 11° 16' 17.04'',W 39° 9' 52.92'',28/12/2020 à 03/04/2024,,,6.0,,,
"{'horEstacao': 111639090, 'horDataHora': '2023-03-28T20:00:00.000+0000'}",50496600,50496600,50496600,,AÇUDE ARACI MONTANTE (OLARIA DO CAPISTANA),-11.2714,-39.1647,,2024-02-09T15:23:11.640+0000,5,"5 - Atlântico, Trecho Leste","50 - RIOS VAZA-BARRIS,ITAPICURU E .",RIO ITAPICURU,BAHIA,ARACI,50,50500000,16,16021000,114,114,2020-12-28T10:00:00.000+0000,2024-04-03T20:00:00.000+0000,INEMA-BA,INEMA-BA,Fluviométrica,1,111639090 - AÇUDE ARACI MONTANTE (OLARIA DO CAPISTANA),,False,False,False,S 11° 16' 17.04'',W 39° 9' 52.92'',28/12/2020 à 03/04/2024,,,6.0,,,
"{'horEstacao': 111639090, 'horDataHora': '2023-03-29T10:00:00.000+0000'}",50496600,50496600,50496600,,AÇUDE ARACI MONTANTE (OLARIA DO CAPISTANA),-11.2714,-39.1647,,2024-02-09T15:23:11.640+0000,5,"5 - Atlântico, Trecho Leste","50 - RIOS VAZA-BARRIS,ITAPICURU E .",RIO ITAPICURU,BAHIA,ARACI,50,50500000,16,16021000,114,114,2020-12-28T10:00:00.000+0000,2024-04-03T20:00:00.000+0000,INEMA-BA,INEMA-BA,Fluviométrica,1,111639090 - AÇUDE ARACI MONTANTE (OLARIA DO CAPISTANA),,False,False,False,S 11° 16' 17.04'',W 39° 9' 52.92'',28/12/2020 à 03/04/2024,,,6.0,,,
"{'horEstacao': 111639090, 'horDataHora': '2023-03-29T20:00:00.000+0000'}",50496600,50496600,50496600,,AÇUDE ARACI MONTANTE (OLARIA DO CAPISTANA),-11.2714,-39.1647,,2024-02-09T15:23:11.640+0000,5,"5 - Atlântico, Trecho Leste","50 - RIOS VAZA-BARRIS,ITAPICURU E .",RIO ITAPICURU,BAHIA,ARACI,50,50500000,16,16021000,114,114,2020-12-28T10:00:00.000+0000,2024-04-03T20:00:00.000+0000,INEMA-BA,INEMA-BA,Fluviométrica,1,111639090 - AÇUDE ARACI MONTANTE (OLARIA DO CAPISTANA),,False,False,False,S 11° 16' 17.04'',W 39° 9' 52.92'',28/12/2020 à 03/04/2024,,,6.0,,,
"{'horEstacao': 111639090, 'horDataHora': '2023-03-30T10:00:00.000+0000'}",50496600,50496600,50496600,,AÇUDE ARACI MONTANTE (OLARIA DO CAPISTANA),-11.2714,-39.1647,,2024-02-09T15:23:11.640+0000,5,"5 - Atlântico, Trecho Leste","50 - RIOS VAZA-BARRIS,ITAPICURU E .",RIO ITAPICURU,BAHIA,ARACI,50,50500000,16,16021000,114,114,2020-12-28T10:00:00.000+0000,2024-04-03T20:00:00.000+0000,INEMA-BA,INEMA-BA,Fluviométrica,1,111639090 - AÇUDE ARACI MONTANTE (OLARIA DO CAPISTANA),,False,False,False,S 11° 16' 17.04'',W 39° 9' 52.92'',28/12/2020 à 03/04/2024,,,6.0,,,
"{'horEstacao': 111639090, 'horDataHora': '2023-03-30T20:00:00.000+0000'}",50496600,50496600,50496600,,AÇUDE ARACI MONTANTE (OLARIA DO CAPISTANA),-11.2714,-39.1647,,2024-02-09T15:23:11.640+0000,5,"5 - Atlântico, Trecho Leste","50 - RIOS VAZA-BARRIS,ITAPICURU E .",RIO ITAPICURU,BAHIA,ARACI,50,50500000,16,16021000,114,114,2020-12-28T10:00:00.000+0000,2024-04-03T20:00:00.000+0000,INEMA-BA,INEMA-BA,Fluviométrica,1,111639090 - AÇUDE ARACI MONTANTE (OLARIA DO CAPISTANA),,False,False,False,S 11° 16' 17.04'',W 39° 9' 52.92'',28/12/2020 à 03/04/2024,,,6.0,,,
"{'horEstacao': 111639090, 'horDataHora': '2023-03-31T10:00:00.000+0000'}",50496600,50496600,50496600,,AÇUDE ARACI MONTANTE (OLARIA DO CAPISTANA),-11.2714,-39.1647,,2024-02-09T15:23:11.640+0000,5,"5 - Atlântico, Trecho Leste","50 - RIOS VAZA-BARRIS,ITAPICURU E .",RIO ITAPICURU,BAHIA,ARACI,50,50500000,16,16021000,114,114,2020-12-28T10:00:00.000+0000,2024-04-03T20:00:00.000+0000,INEMA-BA,INEMA-BA,Fluviométrica,1,111639090 - AÇUDE ARACI MONTANTE (OLARIA DO CAPISTANA),,False,False,False,S 11° 16' 17.04'',W 39° 9' 52.92'',28/12/2020 à 03/04/2024,,,6.0,,,
"{'horEstacao': 111639090, 'horDataHora': '2023-03-31T20:00:00.000+0000'}",50496600,50496600,50496600,,AÇUDE ARACI MONTANTE (OLARIA DO CAPISTANA),-11.2714,-39.1647,,2024-02-09T15:23:11.640+0000,5,"5 - Atlântico, Trecho Leste","50 - RIOS VAZA-BARRIS,ITAPICURU E .",RIO ITAPICURU,BAHIA,ARACI,50,50500000,16,16021000,114,114,2020-12-28T10:00:00.000+0000,2024-04-03T20:00:00.000+0000,INEMA-BA,INEMA-BA,Fluviométrica,1,111639090 - AÇUDE ARACI MONTANTE (OLARIA DO CAPISTANA),,False,False,False,S 11° 16' 17.04'',W 39° 9' 52.92'',28/12/2020 à 03/04/2024,,,6.0,,,
"{'horEstacao': 111639090, 'horDataHora': '2023-04-01T10:00:00.000+0000'}",50496600,50496600,50496600,,AÇUDE ARACI MONTANTE (OLARIA DO CAPISTANA),-11.2714,-39.1647,,2024-02-09T15:23:11.640+0000,5,"5 - Atlântico, Trecho Leste","50 - RIOS VAZA-BARRIS,ITAPICURU E .",RIO ITAPICURU,BAHIA,ARACI,50,50500000,16,16021000,114,114,2020-12-28T10:00:00.000+0000,2024-04-03T20:00:00.000+0000,INEMA-BA,INEMA-BA,Fluviométrica,1,111639090 - AÇUDE ARACI MONTANTE (OLARIA DO CAPISTANA),,False,False,False,S 11° 16' 17.04'',W 39° 9' 52.92'',28/12/2020 à 03/04/2024,,,6.0,,,
"{'horEstacao': 111639090, 'horDataHora': '2023-04-01T20:00:00.000+0000'}",50496600,50496600,50496600,,AÇUDE ARACI MONTANTE (OLARIA DO CAPISTANA),-11.2714,-39.1647,,2024-02-09T15:23:11.640+0000,5,"5 - Atlântico, Trecho Leste","50 - RIOS VAZA-BARRIS,ITAPICURU E .",RIO ITAPICURU,BAHIA,ARACI,50,50500000,16,16021000,114,114,2020-12-28T10:00:00.000+0000,2024-04-03T20:00:00.000+0000,INEMA-BA,INEMA-BA,Fluviométrica,1,111639090 - AÇUDE ARACI MONTANTE (OLARIA DO CAPISTANA),,False,False,False,S 11° 16' 17.04'',W 39° 9' 52.92'',28/12/2020 à 03/04/2024,,,6.0,,,
"{'horEstacao': 111639090, 'horDataHora': '2023-04-02T10:00:00.000+0000'}",50496600,50496600,50496600,,AÇUDE ARACI MONTANTE (OLARIA DO CAPISTANA),-11.2714,-39.1647,,2024-02-09T15:23:11.640+0000,5,"5 - Atlântico, Trecho Leste","50 - RIOS VAZA-BARRIS,ITAPICURU E .",RIO ITAPICURU,BAHIA,ARACI,50,50500000,16,16021000,114,114,2020-12-28T10:00:00.000+0000,2024-04-03T20:00:00.000+0000,INEMA-BA,INEMA-BA,Fluviométrica,1,111639090 - AÇUDE ARACI MONTANTE (OLARIA DO CAPISTANA),,False,False,False,S 11° 16' 17.04'',W 39° 9' 52.92'',28/12/2020 à 03/04/2024,,,6.0,,,
"{'horEstacao': 111639090, 'horDataHora': '2023-04-02T20:00:00.000+0000'}",50496600,50496600,50496600,,AÇUDE ARACI MONTANTE (OLARIA DO CAPISTANA),-11.2714,-39.1647,,2024-02-09T15:23:11.640+0000,5,"5 - Atlântico, Trecho Leste","50 - RIOS VAZA-BARRIS,ITAPICURU E .",RIO ITAPICURU,BAHIA,ARACI,50,50500000,16,16021000,114,114,2020-12-28T10:00:00.000+0000,2024-04-03T20:00:00.000+0000,INEMA-BA,INEMA-BA,Fluviométrica,1,111639090 - AÇUDE ARACI MONTANTE (OLARIA DO CAPISTANA),,False,False,False,S 11° 16' 17.04'',W 39° 9' 52.92'',28/12/2020 à 03/04/2024,,,6.0,,,
"{'horEstacao': 111639090, 'horDataHora': '2023-04-03T10:00:00.000+0000'}",50496600,50496600,50496600,,AÇUDE ARACI MONTANTE (OLARIA DO CAPISTANA),-11.2714,-39.1647,,2024-02-09T15:23:11.640+0000,5,"5 - Atlântico, Trecho Leste","50 - RIOS VAZA-BARRIS,ITAPICURU E .",RIO ITAPICURU,BAHIA,ARACI,50,50500000,16,16021000,114,114,2020-12-28T10:00:00.000+0000,2024-04-03T20:00:00.000+0000,INEMA-BA,INEMA-BA,Fluviométrica,1,111639090 - AÇUDE ARACI MONTANTE (OLARIA DO CAPISTANA),,False,False,False,S 11° 16' 17.04'',W 39° 9' 52.92'',28/12/2020 à 03/04/2024,,,6.0,,,
"{'horEstacao': 111639090, 'horDataHora': '2023-04-03T20:00:00.000+0000'}",50496600,50496600,50496600,,AÇUDE ARACI MONTANTE (OLARIA DO CAPISTANA),-11.2714,-39.1647,,2024-02-09T15:23:11.640+0000,5,"5 - Atlântico, Trecho Leste","50 - RIOS VAZA-BARRIS,ITAPICURU E .",RIO ITAPICURU,BAHIA,ARACI,50,50500000,16,16021000,114,114,2020-12-28T10:00:00.000+0000,2024-04-03T20:00:00.000+0000,INEMA-BA,INEMA-BA,Fluviométrica,1,111639090 - AÇUDE ARACI MONTANTE (OLARIA DO CAPISTANA),,False,False,False,S 11° 16' 17.04'',W 39° 9' 52.92'',28/12/2020 à 03/04/2024,,,6.0,,,
"{'horEstacao': 111639090, 'horDataHora': '2023-04-04T10:00:00.000+0000'}",50496600,50496600,50496600,,AÇUDE ARACI MONTANTE (OLARIA DO CAPISTANA),-11.2714,-39.1647,,2024-02-09T15:23:11.640+0000,5,"5 - Atlântico, Trecho Leste","50 - RIOS VAZA-BARRIS,ITAPICURU E .",RIO ITAPICURU,BAHIA,ARACI,50,50500000,16,16021000,114,114,2020-12-28T10:00:00.000+0000,2024-04-03T20:00:00.000+0000,INEMA-BA,INEMA-BA,Fluviométrica,1,111639090 - AÇUDE ARACI MONTANTE (OLARIA DO CAPISTANA),,False,False,False,S 11° 16' 17.04'',W 39° 9' 52.92'',28/12/2020 à 03/04/2024,,,6.0,,,
"{'horEstacao': 111639090, 'horDataHora': '2023-04-04T20:00:00.000+0000'}",50496600,50496600,50496600,,AÇUDE ARACI MONTANTE (OLARIA DO CAPISTANA),-11.2714,-39.1647,,2024-02-09T15:23:11.640+0000,5,"5 - Atlântico, Trecho Leste","50 - RIOS VAZA-BARRIS,ITAPICURU E .",RIO ITAPICURU,BAHIA,ARACI,50,50500000,16,16021000,114,114,2020-12-28T10:00:00.000+0000,2024-04-03T20:00:00.000+0000,INEMA-BA,INEMA-BA,Fluviométrica,1,111639090 - AÇUDE ARACI MONTANTE (OLARIA DO CAPISTANA),,False,False,False,S 11° 16' 17.04'',W 39° 9' 52.92'',28/12/2020 à 03/04/2024,,,6.0,,,
"{'horEstacao': 111639090, 'horDataHora': '2023-04-05T10:00:00.000+0000'}",50496600,50496600,50496600,,AÇUDE ARACI MONTANTE (OLARIA DO CAPISTANA),-11.2714,-39.1647,,2024-02-09T15:23:11.640+0000,5,"5 - Atlântico, Trecho Leste","50 - RIOS VAZA-BARRIS,ITAPICURU E .",RIO ITAPICURU,BAHIA,ARACI,50,50500000,16,16021000,114,114,2020-12-28T10:00:00.000+0000,2024-04-03T20:00:00.000+0000,INEMA-BA,INEMA-BA,Fluviométrica,1,111639090 - AÇUDE ARACI MONTANTE (OLARIA DO CAPISTANA),,False,False,False,S 11° 16' 17.04'',W 39° 9' 52.92'',28/12/2020 à 03/04/2024,,,6.0,,,
"{'horEstacao': 111639090, 'horDataHora': '2023-04-05T20:00:00.000+0000'}",50496600,50496600,50496600,,AÇUDE ARACI MONTANTE (OLARIA DO CAPISTANA),-11.2714,-39.1647,,2024-02-09T15:23:11.640+0000,5,"5 - Atlântico, Trecho Leste","50 - RIOS VAZA-BARRIS,ITAPICURU E .",RIO ITAPICURU,BAHIA,ARACI,50,50500000,16,16021000,114,114,2020-12-28T10:00:00.000+0000,2024-04-03T20:00:00.000+0000,INEMA-BA,INEMA-BA,Fluviométrica,1,111639090 - AÇUDE ARACI MONTANTE (OLARIA DO CAPISTANA),,False,False,False,S 11° 16' 17.04'',W 39° 9' 52.92'',28/12/2020 à 03/04/2024,,,6.0,,,
"{'horEstacao': 111639090, 'horDataHora': '2023-04-06T10:00:00.000+0000'}",50496600,50496600,50496600,,AÇUDE ARACI MONTANTE (OLARIA DO CAPISTANA),-11.2714,-39.1647,,2024-02-09T15:23:11.640+0000,5,"5 - Atlântico, Trecho Leste","50 - RIOS VAZA-BARRIS,ITAPICURU E .",RIO ITAPICURU,BAHIA,ARACI,50,50500000,16,16021000,114,114,2020-12-28T10:00:00.000+0000,2024-04-03T20:00:00.000+0000,INEMA-BA,INEMA-BA,Fluviométrica,1,111639090 - AÇUDE ARACI MONTANTE (OLARIA DO CAPISTANA),,False,False,False,S 11° 16' 17.04'',W 39° 9' 52.92'',28/12/2020 à 03/04/2024,,,6.0,,,
"{'horEstacao': 111639090, 'horDataHora': '2023-04-06T20:00:00.000+0000'}",50496600,50496600,50496600,,AÇUDE ARACI MONTANTE (OLARIA DO CAPISTANA),-11.2714,-39.1647,,2024-02-09T15:23:11.640+0000,5,"5 - Atlântico, Trecho Leste","50 - RIOS VAZA-BARRIS,ITAPICURU E .",RIO ITAPICURU,BAHIA,ARACI,50,50500000,16,16021000,114,114,2020-12-28T10:00:00.000+0000,2024-04-03T20:00:00.000+0000,INEMA-BA,INEMA-BA,Fluviométrica,1,111639090 - AÇUDE ARACI MONTANTE (OLARIA DO CAPISTANA),,False,False,False,S 11° 16' 17.04'',W 39° 9' 52.92'',28/12/2020 à 03/04/2024,,,6.0,,,
"{'horEstacao': 111639090, 'horDataHora': '2023-04-07T10:00:00.000+0000'}",50496600,50496600,50496600,,AÇUDE ARACI MONTANTE (OLARIA DO CAPISTANA),-11.2714,-39.1647,,2024-02-09T15:23:11.640+0000,5,"5 - Atlântico, Trecho Leste","50 - RIOS VAZA-BARRIS,ITAPICURU E .",RIO ITAPICURU,BAHIA,ARACI,50,50500000,16,16021000,114,114,2020-12-28T10:00:00.000+0000,2024-04-03T20:00:00.000+0000,INEMA-BA,INEMA-BA,Fluviométrica,1,111639090 - AÇUDE ARACI MONTANTE (OLARIA DO CAPISTANA),,False,False,False,S 11° 16' 17.04'',W 39° 9' 52.92'',28/12/2020 à 03/04/2024,,,6.0,,,
"{'horEstacao': 111639090, 'horDataHora': '2023-04-07T20:00:00.000+0000'}",50496600,50496600,50496600,,AÇUDE ARACI MONTANTE (OLARIA DO CAPISTANA),-11.2714,-39.1647,,2024-02-09T15:23:11.640+0000,5,"5 - Atlântico, Trecho Leste","50 - RIOS VAZA-BARRIS,ITAPICURU E .",RIO ITAPICURU,BAHIA,ARACI,50,50500000,16,16021000,114,114,2020-12-28T10:00:00.000+0000,2024-04-03T20:00:00.000+0000,INEMA-BA,INEMA-BA,Fluviométrica,1,111639090 - AÇUDE ARACI MONTANTE (OLARIA DO CAPISTANA),,False,False,False,S 11° 16' 17.04'',W 39° 9' 52.92'',28/12/2020 à 03/04/2024,,,6.0,,,
"{'horEstacao': 111639090, 'horDataHora': '2023-04-08T10:00:00.000+0000'}",50496600,50496600,50496600,,AÇUDE ARACI MONTANTE (OLARIA DO CAPISTANA),-11.2714,-39.1647,,2024-02-09T15:23:11.640+0000,5,"5 - Atlântico, Trecho Leste","50 - RIOS VAZA-BARRIS,ITAPICURU E .",RIO ITAPICURU,BAHIA,ARACI,50,50500000,16,16021000,114,114,2020-12-28T10:00:00.000+0000,2024-04-03T20:00:00.000+0000,INEMA-BA,INEMA-BA,Fluviométrica,1,111639090 - AÇUDE ARACI MONTANTE (OLARIA DO CAPISTANA),,False,False,False,S 11° 16' 17.04'',W 39° 9' 52.92'',28/12/2020 à 03/04/2024,,,6.0,,,
"{'horEstacao': 111639090, 'horDataHora': '2023-04-08T20:00:00.000+0000'}",50496600,50496600,50496600,,AÇUDE ARACI MONTANTE (OLARIA DO CAPISTANA),-11.2714,-39.1647,,2024-02-09T15:23:11.640+0000,5,"5 - Atlântico, Trecho Leste","50 - RIOS VAZA-BARRIS,ITAPICURU E .",RIO ITAPICURU,BAHIA,ARACI,50,50500000,16,16021000,114,114,2020-12-28T10:00:00.000+0000,2024-04-03T20:00:00.000+0000,INEMA-BA,INEMA-BA,Fluviométrica,1,111639090 - AÇUDE ARACI MONTANTE (OLARIA DO CAPISTANA),,False,False,False,S 11° 16' 17.04'',W 39° 9' 52.92'',28/12/2020 à 03/04/2024,,,6.0,,,
"{'horEstacao': 111639090, 'horDataHora': '2023-04-09T10:00:00.000+0000'}",50496600,50496600,50496600,,AÇUDE ARACI MONTANTE (OLARIA DO CAPISTANA),-11.2714,-39.1647,,2024-02-09T15:23:11.640+0000,5,"5 - Atlântico, Trecho Leste","50 - RIOS VAZA-BARRIS,ITAPICURU E .",RIO ITAPICURU,BAHIA,ARACI,50,50500000,16,16021000,114,114,2020-12-28T10:00:00.000+0000,2024-04-03T20:00:00.000+0000,INEMA-BA,INEMA-BA,Fluviométrica,1,111639090 - AÇUDE ARACI MONTANTE (OLARIA DO CAPISTANA),,False,False,False,S 11° 16' 17.04'',W 39° 9' 52.92'',28/12/2020 à 03/04/2024,,,6.0,,,
"{'horEstacao': 111639090, 'horDataHora': '2023-04-09T20:00:00.000+0000'}",50496600,50496600,50496600,,AÇUDE ARACI MONTANTE (OLARIA DO CAPISTANA),-11.2714,-39.1647,,2024-02-09T15:23:11.640+0000,5,"5 - Atlântico, Trecho Leste","50 - RIOS VAZA-BARRIS,ITAPICURU E .",RIO ITAPICURU,BAHIA,ARACI,50,50500000,16,16021000,114,114,2020-12-28T10:00:00.000+0000,2024-04-03T20:00:00.000+0000,INEMA-BA,INEMA-BA,Fluviométrica,1,111639090 - AÇUDE ARACI MONTANTE (OLARIA DO CAPISTANA),,False,False,False,S 11° 16' 17.04'',W 39° 9' 52.92'',28/12/2020 à 03/04/2024,,,6.0,,,
"{'horEstacao': 111639090, 'horDataHora': '2023-04-10T10:00:00.000+0000'}",50496600,50496600,50496600,,AÇUDE ARACI MONTANTE (OLARIA DO CAPISTANA),-11.2714,-39.1647,,2024-02-09T15:23:11.640+0000,5,"5 - Atlântico, Trecho Leste","50 - RIOS VAZA-BARRIS,ITAPICURU E .",RIO ITAPICURU,BAHIA,ARACI,50,50500000,16,16021000,114,114,2020-12-28T10:00:00.000+0000,2024-04-03T20:00:00.000+0000,INEMA-BA,INEMA-BA,Fluviométrica,1,111639090 - AÇUDE ARACI MONTANTE (OLARIA DO CAPISTANA),,False,False,False,S 11° 16' 17.04'',W 39° 9' 52.92'',28/12/2020 à 03/04/2024,,,6.0,,,
"{'horEstacao': 111639090, 'horDataHora': '2023-04-10T20:00:00.000+0000'}",50496600,50496600,50496600,,AÇUDE ARACI MONTANTE (OLARIA DO CAPISTANA),-11.2714,-39.1647,,2024-02-09T15:23:11.640+0000,5,"5 - Atlântico, Trecho Leste","50 - RIOS VAZA-BARRIS,ITAPICURU E .",RIO ITAPICURU,BAHIA,ARACI,50,50500000,16,16021000,114,114,2020-12-28T10:00:00.000+0000,2024-04-03T20:00:00.000+0000,INEMA-BA,INEMA-BA,Fluviométrica,1,111639090 - AÇUDE ARACI MONTANTE (OLARIA DO CAPISTANA),,False,False,False,S 11° 16' 17.04'',W 39° 9' 52.92'',28/12/2020 à 03/04/2024,,,6.0,,,
"{'horEstacao': 111639090, 'horDataHora': '2023-04-11T10:00:00.000+0000'}",50496600,50496600,50496600,,AÇUDE ARACI MONTANTE (OLARIA DO CAPISTANA),-11.2714,-39.1647,,2024-02-09T15:23:11.640+0000,5,"5 - Atlântico, Trecho Leste","50 - RIOS VAZA-BARRIS,ITAPICURU E .",RIO ITAPICURU,BAHIA,ARACI,50,50500000,16,16021000,114,114,2020-12-28T10:00:00.000+0000,2024-04-03T20:00:00.000+0000,INEMA-BA,INEMA-BA,Fluviométrica,1,111639090 - AÇUDE ARACI MONTANTE (OLARIA DO CAPISTANA),,False,False,False,S 11° 16' 17.04'',W 39° 9' 52.92'',28/12/2020 à 03/04/2024,,,6.0,,,
"{'horEstacao': 111639090, 'horDataHora': '2023-04-11T20:00:00.000+0000'}",50496600,50496600,50496600,,AÇUDE ARACI MONTANTE (OLARIA DO CAPISTANA),-11.2714,-39.1647,,2024-02-09T15:23:11.640+0000,5,"5 - Atlântico, Trecho Leste","50 - RIOS VAZA-BARRIS,ITAPICURU E .",RIO ITAPICURU,BAHIA,ARACI,50,50500000,16,16021000,114,114,2020-12-28T10:00:00.000+0000,2024-04-03T20:00:00.000+0000,INEMA-BA,INEMA-BA,Fluviométrica,1,111639090 - AÇUDE ARACI MONTANTE (OLARIA DO CAPISTANA),,False,False,False,S 11° 16' 17.04'',W 39° 9' 52.92'',28/12/2020 à 03/04/2024,,,6.0,,,
"{'horEstacao': 111639090, 'horDataHora': '2023-04-12T10:00:00.000+0000'}",50496600,50496600,50496600,,AÇUDE ARACI MONTANTE (OLARIA DO CAPISTANA),-11.2714,-39.1647,,2024-02-09T15:23:11.640+0000,5,"5 - Atlântico, Trecho Leste","50 - RIOS VAZA-BARRIS,ITAPICURU E .",RIO ITAPICURU,BAHIA,ARACI,50,50500000,16,16021000,114,114,2020-12-28T10:00:00.000+0000,2024-04-03T20:00:00.000+0000,INEMA-BA,INEMA-BA,Fluviométrica,1,111639090 - AÇUDE ARACI MONTANTE (OLARIA DO CAPISTANA),,False,False,False,S 11° 16' 17.04'',W 39° 9' 52.92'',28/12/2020 à 03/04/2024,,,6.0,,,
"{'horEstacao': 111639090, 'horDataHora': '2023-04-12T20:00:00.000+0000'}",50496600,50496600,50496600,,AÇUDE ARACI MONTANTE (OLARIA DO CAPISTANA),-11.2714,-39.1647,,2024-02-09T15:23:11.640+0000,5,"5 - Atlântico, Trecho Leste","50 - RIOS VAZA-BARRIS,ITAPICURU E .",RIO ITAPICURU,BAHIA,ARACI,50,50500000,16,16021000,114,114,2020-12-28T10:00:00.000+0000,2024-04-03T20:00:00.000+0000,INEMA-BA,INEMA-BA,Fluviométrica,1,111639090 - AÇUDE ARACI MONTANTE (OLARIA DO CAPISTANA),,False,False,False,S 11° 16' 17.04'',W 39° 9' 52.92'',28/12/2020 à 03/04/2024,,,6.0,,,
"{'horEstacao': 111639090, 'horDataHora': '2023-04-13T10:00:00.000+0000'}",50496600,50496600,50496600,,AÇUDE ARACI MONTANTE (OLARIA DO CAPISTANA),-11.2714,-39.1647,,2024-02-09T15:23:11.640+0000,5,"5 - Atlântico, Trecho Leste","50 - RIOS VAZA-BARRIS,ITAPICURU E .",RIO ITAPICURU,BAHIA,ARACI,50,50500000,16,16021000,114,114,2020-12-28T10:00:00.000+0000,2024-04-03T20:00:00.000+0000,INEMA-BA,INEMA-BA,Fluviométrica,1,111639090 - AÇUDE ARACI MONTANTE (OLARIA DO CAPISTANA),,False,False,False,S 11° 16' 17.04'',W 39° 9' 52.92'',28/12/2020 à 03/04/2024,,,6.0,,,
"{'horEstacao': 111639090, 'horDataHora': '2023-04-13T20:00:00.000+0000'}",50496600,50496600,50496600,,AÇUDE ARACI MONTANTE (OLARIA DO CAPISTANA),-11.2714,-39.1647,,2024-02-09T15:23:11.640+0000,5,"5 - Atlântico, Trecho Leste","50 - RIOS VAZA-BARRIS,ITAPICURU E .",RIO ITAPICURU,BAHIA,ARACI,50,50500000,16,16021000,114,114,2020-12-28T10:00:00.000+0000,2024-04-03T20:00:00.000+0000,INEMA-BA,INEMA-BA,Fluviométrica,1,111639090 - AÇUDE ARACI MONTANTE (OLARIA DO CAPISTANA),,False,False,False,S 11° 16' 17.04'',W 39° 9' 52.92'',28/12/2020 à 03/04/2024,,,6.0,,,
"{'horEstacao': 111639090, 'horDataHora': '2023-04-14T10:00:00.000+0000'}",50496600,50496600,50496600,,AÇUDE ARACI MONTANTE (OLARIA DO CAPISTANA),-11.2714,-39.1647,,2024-02-09T15:23:11.640+0000,5,"5 - Atlântico, Trecho Leste","50 - RIOS VAZA-BARRIS,ITAPICURU E .",RIO ITAPICURU,BAHIA,ARACI,50,50500000,16,16021000,114,114,2020-12-28T10:00:00.000+0000,2024-04-03T20:00:00.000+0000,INEMA-BA,INEMA-BA,Fluviométrica,1,111639090 - AÇUDE ARACI MONTANTE (OLARIA DO CAPISTANA),,False,False,False,S 11° 16' 17.04'',W 39° 9' 52.92'',28/12/2020 à 03/04/2024,,,6.0,,,
"{'horEstacao': 111639090, 'horDataHora': '2023-04-14T20:00:00.000+0000'}",50496600,50496600,50496600,,AÇUDE ARACI MONTANTE (OLARIA DO CAPISTANA),-11.2714,-39.1647,,2024-02-09T15:23:11.640+0000,5,"5 - Atlântico, Trecho Leste","50 - RIOS VAZA-BARRIS,ITAPICURU E .",RIO ITAPICURU,BAHIA,ARACI,50,50500000,16,16021000,114,114,2020-12-28T10:00:00.000+0000,2024-04-03T20:00:00.000+0000,INEMA-BA,INEMA-BA,Fluviométrica,1,111639090 - AÇUDE ARACI MONTANTE (OLARIA DO CAPISTANA),,False,False,False,S 11° 16' 17.04'',W 39° 9' 52.92'',28/12/2020 à 03/04/2024,,,6.0,,,
"{'horEstacao': 111639090, 'horDataHora': '2023-04-15T10:00:00.000+0000'}",50496600,50496600,50496600,,AÇUDE ARACI MONTANTE (OLARIA DO CAPISTANA),-11.2714,-39.1647,,2024-02-09T15:23:11.640+0000,5,"5 - Atlântico, Trecho Leste","50 - RIOS VAZA-BARRIS,ITAPICURU E .",RIO ITAPICURU,BAHIA,ARACI,50,50500000,16,16021000,114,114,2020-12-28T10:00:00.000+0000,2024-04-03T20:00:00.000+0000,INEMA-BA,INEMA-BA,Fluviométrica,1,111639090 - AÇUDE ARACI MONTANTE (OLARIA DO CAPISTANA),,False,False,False,S 11° 16' 17.04'',W 39° 9' 52.92'',28/12/2020 à 03/04/2024,,,6.0,,,
"{'horEstacao': 111639090, 'horDataHora': '2023-04-15T20:00:00.000+0000'}",50496600,50496600,50496600,,AÇUDE ARACI MONTANTE (OLARIA DO CAPISTANA),-11.2714,-39.1647,,2024-02-09T15:23:11.640+0000,5,"5 - Atlântico, Trecho Leste","50 - RIOS VAZA-BARRIS,ITAPICURU E .",RIO ITAPICURU,BAHIA,ARACI,50,50500000,16,16021000,114,114,2020-12-28T10:00:00.000+0000,2024-04-03T20:00:00.000+0000,INEMA-BA,INEMA-BA,Fluviométrica,1,111639090 - AÇUDE ARACI MONTANTE (OLARIA DO CAPISTANA),,False,False,False,S 11° 16' 17.04'',W 39° 9' 52.92'',28/12/2020 à 03/04/2024,,,6.0,,,
"{'horEstacao': 111639090, 'horDataHora': '2023-04-16T10:00:00.000+0000'}",50496600,50496600,50496600,,AÇUDE ARACI MONTANTE (OLARIA DO CAPISTANA),-11.2714,-39.1647,,2024-02-09T15:23:11.640+0000,5,"5 - Atlântico, Trecho Leste","50 - RIOS VAZA-BARRIS,ITAPICURU E .",RIO ITAPICURU,BAHIA,ARACI,50,50500000,16,16021000,114,114,2020-12-28T10:00:00.000+0000,2024-04-03T20:00:00.000+0000,INEMA-BA,INEMA-BA,Fluviométrica,1,111639090 - AÇUDE ARACI MONTANTE (OLARIA DO CAPISTANA),,False,False,False,S 11° 16' 17.04'',W 39° 9' 52.92'',28/12/2020 à 03/04/2024,,,6.0,,,
"{'horEstacao': 111639090, 'horDataHora': '2023-04-16T20:00:00.000+0000'}",50496600,50496600,50496600,,AÇUDE ARACI MONTANTE (OLARIA DO CAPISTANA),-11.2714,-39.1647,,2024-02-09T15:23:11.640+0000,5,"5 - Atlântico, Trecho Leste","50 - RIOS VAZA-BARRIS,ITAPICURU E .",RIO ITAPICURU,BAHIA,ARACI,50,50500000,16,16021000,114,114,2020-12-28T10:00:00.000+0000,2024-04-03T20:00:00.000+0000,INEMA-BA,INEMA-BA,Fluviométrica,1,111639090 - AÇUDE ARACI MONTANTE (OLARIA DO CAPISTANA),,False,False,False,S 11° 16' 17.04'',W 39° 9' 52.92'',28/12/2020 à 03/04/2024,,,6.0,,,
"{'horEstacao': 111639090, 'horDataHora': '2023-04-17T10:00:00.000+0000'}",50496600,50496600,50496600,,AÇUDE ARACI MONTANTE (OLARIA DO CAPISTANA),-11.2714,-39.1647,,2024-02-09T15:23:11.640+0000,5,"5 - Atlântico, Trecho Leste","50 - RIOS VAZA-BARRIS,ITAPICURU E .",RIO ITAPICURU,BAHIA,ARACI,50,50500000,16,16021000,114,114,2020-12-28T10:00:00.000+0000,2024-04-03T20:00:00.000+0000,INEMA-BA,INEMA-BA,Fluviométrica,1,111639090 - AÇUDE ARACI MONTANTE (OLARIA DO CAPISTANA),,False,False,False,S 11° 16' 17.04'',W 39° 9' 52.92'',28/12/2020 à 03/04/2024,,,6.0,,,
"{'horEstacao': 111639090, 'horDataHora': '2023-04-17T20:00:00.000+0000'}",50496600,50496600,50496600,,AÇUDE ARACI MONTANTE (OLARIA DO CAPISTANA),-11.2714,-39.1647,,2024-02-09T15:23:11.640+0000,5,"5 - Atlântico, Trecho Leste","50 - RIOS VAZA-BARRIS,ITAPICURU E .",RIO ITAPICURU,BAHIA,ARACI,50,50500000,16,16021000,114,114,2020-12-28T10:00:00.000+0000,2024-04-03T20:00:00.000+0000,INEMA-BA,INEMA-BA,Fluviométrica,1,111639090 - AÇUDE ARACI MONTANTE (OLARIA DO CAPISTANA),,False,False,False,S 11° 16' 17.04'',W 39° 9' 52.92'',28/12/2020 à 03/04/2024,,,6.0,,,
"{'horEstacao': 111639090, 'horDataHora': '2023-04-18T10:00:00.000+0000'}",50496600,50496600,50496600,,AÇUDE ARACI MONTANTE (OLARIA DO CAPISTANA),-11.2714,-39.1647,,2024-02-09T15:23:11.640+0000,5,"5 - Atlântico, Trecho Leste","50 - RIOS VAZA-BARRIS,ITAPICURU E .",RIO ITAPICURU,BAHIA,ARACI,50,50500000,16,16021000,114,114,2020-12-28T10:00:00.000+0000,2024-04-03T20:00:00.000+0000,INEMA-BA,INEMA-BA,Fluviométrica,1,111639090 - AÇUDE ARACI MONTANTE (OLARIA DO CAPISTANA),,False,False,False,S 11° 16' 17.04'',W 39° 9' 52.92'',28/12/2020 à 03/04/2024,,,6.0,,,
"{'horEstacao': 111639090, 'horDataHora': '2023-04-18T20:00:00.000+0000'}",50496600,50496600,50496600,,AÇUDE ARACI MONTANTE (OLARIA DO CAPISTANA),-11.2714,-39.1647,,2024-02-09T15:23:11.640+0000,5,"5 - Atlântico, Trecho Leste","50 - RIOS VAZA-BARRIS,ITAPICURU E .",RIO ITAPICURU,BAHIA,ARACI,50,50500000,16,16021000,114,114,2020-12-28T10:00:00.000+0000,2024-04-03T20:00:00.000+0000,INEMA-BA,INEMA-BA,Fluviométrica,1,111639090 - AÇUDE ARACI MONTANTE (OLARIA DO CAPISTANA),,False,False,False,S 11° 16' 17.04'',W 39° 9' 52.92'',28/12/2020 à 03/04/2024,,,6.0,,,
"{'horEstacao': 111639090, 'horDataHora': '2023-04-19T10:00:00.000+0000'}",50496600,50496600,50496600,,AÇUDE ARACI MONTANTE (OLARIA DO CAPISTANA),-11.2714,-39.1647,,2024-02-09T15:23:11.640+0000,5,"5 - Atlântico, Trecho Leste","50 - RIOS VAZA-BARRIS,ITAPICURU E .",RIO ITAPICURU,BAHIA,ARACI,50,50500000,16,16021000,114,114,2020-12-28T10:00:00.000+0000,2024-04-03T20:00:00.000+0000,INEMA-BA,INEMA-BA,Fluviométrica,1,111639090 - AÇUDE ARACI MONTANTE (OLARIA DO CAPISTANA),,False,False,False,S 11° 16' 17.04'',W 39° 9' 52.92'',28/12/2020 à 03/04/2024,,,6.0,,,
"{'horEstacao': 111639090, 'horDataHora': '2023-04-19T20:00:00.000+0000'}",50496600,50496600,50496600,,AÇUDE ARACI MONTANTE (OLARIA DO CAPISTANA),-11.2714,-39.1647,,2024-02-09T15:23:11.640+0000,5,"5 - Atlântico, Trecho Leste","50 - RIOS VAZA-BARRIS,ITAPICURU E .",RIO ITAPICURU,BAHIA,ARACI,50,50500000,16,16021000,114,114,2020-12-28T10:00:00.000+0000,2024-04-03T20:00:00.000+0000,INEMA-BA,INEMA-BA,Fluviométrica,1,111639090 - AÇUDE ARACI MONTANTE (OLARIA DO CAPISTANA),,False,False,False,S 11° 16' 17.04'',W 39° 9' 52.92'',28/12/2020 à 03/04/2024,,,6.0,,,
"{'horEstacao': 111639090, 'horDataHora': '2023-04-20T10:00:00.000+0000'}",50496600,50496600,50496600,,AÇUDE ARACI MONTANTE (OLARIA DO CAPISTANA),-11.2714,-39.1647,,2024-02-09T15:23:11.640+0000,5,"5 - Atlântico, Trecho Leste","50 - RIOS VAZA-BARRIS,ITAPICURU E .",RIO ITAPICURU,BAHIA,ARACI,50,50500000,16,16021000,114,114,2020-12-28T10:00:00.000+0000,2024-04-03T20:00:00.000+0000,INEMA-BA,INEMA-BA,Fluviométrica,1,111639090 - AÇUDE ARACI MONTANTE (OLARIA DO CAPISTANA),,False,False,False,S 11° 16' 17.04'',W 39° 9' 52.92'',28/12/2020 à 03/04/2024,,,6.0,,,
"{'horEstacao': 111639090, 'horDataHora': '2023-04-20T20:00:00.000+0000'}",50496600,50496600,50496600,,AÇUDE ARACI MONTANTE (OLARIA DO CAPISTANA),-11.2714,-39.1647,,2024-02-09T15:23:11.640+0000,5,"5 - Atlântico, Trecho Leste","50 - RIOS VAZA-BARRIS,ITAPICURU E .",RIO ITAPICURU,BAHIA,ARACI,50,50500000,16,16021000,114,114,2020-12-28T10:00:00.000+0000,2024-04-03T20:00:00.000+0000,INEMA-BA,INEMA-BA,Fluviométrica,1,111639090 - AÇUDE ARACI MONTANTE (OLARIA DO CAPISTANA),,False,False,False,S 11° 16' 17.04'',W 39° 9' 52.92'',28/12/2020 à 03/04/2024,,,6.0,,,
"{'horEstacao': 111639090, 'horDataHora': '2023-04-21T10:00:00.000+0000'}",50496600,50496600,50496600,,AÇUDE ARACI MONTANTE (OLARIA DO CAPISTANA),-11.2714,-39.1647,,2024-02-09T15:23:11.640+0000,5,"5 - Atlântico, Trecho Leste","50 - RIOS VAZA-BARRIS,ITAPICURU E .",RIO ITAPICURU,BAHIA,ARACI,50,50500000,16,16021000,114,114,2020-12-28T10:00:00.000+0000,2024-04-03T20:00:00.000+0000,INEMA-BA,INEMA-BA,Fluviométrica,1,111639090 - AÇUDE ARACI MONTANTE (OLARIA DO CAPISTANA),,False,False,False,S 11° 16' 17.04'',W 39° 9' 52.92'',28/12/2020 à 03/04/2024,,,6.0,,,
"{'horEstacao': 111639090, 'horDataHora': '2023-04-21T20:00:00.000+0000'}",50496600,50496600,50496600,,AÇUDE ARACI MONTANTE (OLARIA DO CAPISTANA),-11.2714,-39.1647,,2024-02-09T15:23:11.640+0000,5,"5 - Atlântico, Trecho Leste","50 - RIOS VAZA-BARRIS,ITAPICURU E .",RIO ITAPICURU,BAHIA,ARACI,50,50500000,16,16021000,114,114,2020-12-28T10:00:00.000+0000,2024-04-03T20:00:00.000+0000,INEMA-BA,INEMA-BA,Fluviométrica,1,111639090 - AÇUDE ARACI MONTANTE (OLARIA DO CAPISTANA),,False,False,False,S 11° 16' 17.04'',W 39° 9' 52.92'',28/12/2020 à 03/04/2024,,,6.0,,,
"{'horEstacao': 111639090, 'horDataHora': '2023-04-22T10:00:00.000+0000'}",50496600,50496600,50496600,,AÇUDE ARACI MONTANTE (OLARIA DO CAPISTANA),-11.2714,-39.1647,,2024-02-09T15:23:11.640+0000,5,"5 - Atlântico, Trecho Leste","50 - RIOS VAZA-BARRIS,ITAPICURU E .",RIO ITAPICURU,BAHIA,ARACI,50,50500000,16,16021000,114,114,2020-12-28T10:00:00.000+0000,2024-04-03T20:00:00.000+0000,INEMA-BA,INEMA-BA,Fluviométrica,1,111639090 - AÇUDE ARACI MONTANTE (OLARIA DO CAPISTANA),,False,False,False,S 11° 16' 17.04'',W 39° 9' 52.92'',28/12/2020 à 03/04/2024,,,6.0,,,
"{'horEstacao': 111639090, 'horDataHora': '2023-04-22T20:00:00.000+0000'}",50496600,50496600,50496600,,AÇUDE ARACI MONTANTE (OLARIA DO CAPISTANA),-11.2714,-39.1647,,2024-02-09T15:23:11.640+0000,5,"5 - Atlântico, Trecho Leste","50 - RIOS VAZA-BARRIS,ITAPICURU E .",RIO ITAPICURU,BAHIA,ARACI,50,50500000,16,16021000,114,114,2020-12-28T10:00:00.000+0000,2024-04-03T20:00:00.000+0000,INEMA-BA,INEMA-BA,Fluviométrica,1,111639090 - AÇUDE ARACI MONTANTE (OLARIA DO CAPISTANA),,False,False,False,S 11° 16' 17.04'',W 39° 9' 52.92'',28/12/2020 à 03/04/2024,,,6.0,,,
"{'horEstacao': 111639090, 'horDataHora': '2023-04-23T10:00:00.000+0000'}",50496600,50496600,50496600,,AÇUDE ARACI MONTANTE (OLARIA DO CAPISTANA),-11.2714,-39.1647,,2024-02-09T15:23:11.640+0000,5,"5 - Atlântico, Trecho Leste","50 - RIOS VAZA-BARRIS,ITAPICURU E .",RIO ITAPICURU,BAHIA,ARACI,50,50500000,16,16021000,114,114,2020-12-28T10:00:00.000+0000,2024-04-03T20:00:00.000+0000,INEMA-BA,INEMA-BA,Fluviométrica,1,111639090 - AÇUDE ARACI MONTANTE (OLARIA DO CAPISTANA),,False,False,False,S 11° 16' 17.04'',W 39° 9' 52.92'',28/12/2020 à 03/04/2024,,,6.0,,,
"{'horEstacao': 111639090, 'horDataHora': '2023-04-23T20:00:00.000+0000'}",50496600,50496600,50496600,,AÇUDE ARACI MONTANTE (OLARIA DO CAPISTANA),-11.2714,-39.1647,,2024-02-09T15:23:11.640+0000,5,"5 - Atlântico, Trecho Leste","50 - RIOS VAZA-BARRIS,ITAPICURU E .",RIO ITAPICURU,BAHIA,ARACI,50,50500000,16,16021000,114,114,2020-12-28T10:00:00.000+0000,2024-04-03T20:00:00.000+0000,INEMA-BA,INEMA-BA,Fluviométrica,1,111639090 - AÇUDE ARACI MONTANTE (OLARIA DO CAPISTANA),,False,False,False,S 11° 16' 17.04'',W 39° 9' 52.92'',28/12/2020 à 03/04/2024,,,6.0,,,
"{'horEstacao': 111639090, 'horDataHora': '2023-04-24T10:00:00.000+0000'}",50496600,50496600,50496600,,AÇUDE ARACI MONTANTE (OLARIA DO CAPISTANA),-11.2714,-39.1647,,2024-02-09T15:23:11.640+0000,5,"5 - Atlântico, Trecho Leste","50 - RIOS VAZA-BARRIS,ITAPICURU E .",RIO ITAPICURU,BAHIA,ARACI,50,50500000,16,16021000,114,114,2020-12-28T10:00:00.000+0000,2024-04-03T20:00:00.000+0000,INEMA-BA,INEMA-BA,Fluviométrica,1,111639090 - AÇUDE ARACI MONTANTE (OLARIA DO CAPISTANA),,False,False,False,S 11° 16' 17.04'',W 39° 9' 52.92'',28/12/2020 à 03/04/2024,,,6.0,,,
"{'horEstacao': 111639090, 'horDataHora': '2023-04-24T20:00:00.000+0000'}",50496600,50496600,50496600,,AÇUDE ARACI MONTANTE (OLARIA DO CAPISTANA),-11.2714,-39.1647,,2024-02-09T15:23:11.640+0000,5,"5 - Atlântico, Trecho Leste","50 - RIOS VAZA-BARRIS,ITAPICURU E .",RIO ITAPICURU,BAHIA,ARACI,50,50500000,16,16021000,114,114,2020-12-28T10:00:00.000+0000,2024-04-03T20:00:00.000+0000,INEMA-BA,INEMA-BA,Fluviométrica,1,111639090 - AÇUDE ARACI MONTANTE (OLARIA DO CAPISTANA),,False,False,False,S 11° 16' 17.04'',W 39° 9' 52.92'',28/12/2020 à 03/04/2024,,,6.0,,,
"{'horEstacao': 111639090, 'horDataHora': '2023-04-25T10:00:00.000+0000'}",50496600,50496600,50496600,,AÇUDE ARACI MONTANTE (OLARIA DO CAPISTANA),-11.2714,-39.1647,,2024-02-09T15:23:11.640+0000,5,"5 - Atlântico, Trecho Leste","50 - RIOS VAZA-BARRIS,ITAPICURU E .",RIO ITAPICURU,BAHIA,ARACI,50,50500000,16,16021000,114,114,2020-12-28T10:00:00.000+0000,2024-04-03T20:00:00.000+0000,INEMA-BA,INEMA-BA,Fluviométrica,1,111639090 - AÇUDE ARACI MONTANTE (OLARIA DO CAPISTANA),,False,False,False,S 11° 16' 17.04'',W 39° 9' 52.92'',28/12/2020 à 03/04/2024,,,6.0,,,
"{'horEstacao': 111639090, 'horDataHora': '2023-04-25T20:00:00.000+0000'}",50496600,50496600,50496600,,AÇUDE ARACI MONTANTE (OLARIA DO CAPISTANA),-11.2714,-39.1647,,2024-02-09T15:23:11.640+0000,5,"5 - Atlântico, Trecho Leste","50 - RIOS VAZA-BARRIS,ITAPICURU E .",RIO ITAPICURU,BAHIA,ARACI,50,50500000,16,16021000,114,114,2020-12-28T10:00:00.000+0000,2024-04-03T20:00:00.000+0000,INEMA-BA,INEMA-BA,Fluviométrica,1,111639090 - AÇUDE ARACI MONTANTE (OLARIA DO CAPISTANA),,False,False,False,S 11° 16' 17.04'',W 39° 9' 52.92'',28/12/2020 à 03/04/2024,,,6.0,,,
"{'horEstacao': 111639090, 'horDataHora': '2023-04-26T10:00:00.000+0000'}",50496600,50496600,50496600,,AÇUDE ARACI MONTANTE (OLARIA DO CAPISTANA),-11.2714,-39.1647,,2024-02-09T15:23:11.640+0000,5,"5 - Atlântico, Trecho Leste","50 - RIOS VAZA-BARRIS,ITAPICURU E .",RIO ITAPICURU,BAHIA,ARACI,50,50500000,16,16021000,114,114,2020-12-28T10:00:00.000+0000,2024-04-03T20:00:00.000+0000,INEMA-BA,INEMA-BA,Fluviométrica,1,111639090 - AÇUDE ARACI MONTANTE (OLARIA DO CAPISTANA),,False,False,False,S 11° 16' 17.04'',W 39° 9' 52.92'',28/12/2020 à 03/04/2024,,,6.0,,,
"{'horEstacao': 111639090, 'horDataHora': '2023-04-26T20:00:00.000+0000'}",50496600,50496600,50496600,,AÇUDE ARACI MONTANTE (OLARIA DO CAPISTANA),-11.2714,-39.1647,,2024-02-09T15:23:11.640+0000,5,"5 - Atlântico, Trecho Leste","50 - RIOS VAZA-BARRIS,ITAPICURU E .",RIO ITAPICURU,BAHIA,ARACI,50,50500000,16,16021000,114,114,2020-12-28T10:00:00.000+0000,2024-04-03T20:00:00.000+0000,INEMA-BA,INEMA-BA,Fluviométrica,1,111639090 - AÇUDE ARACI MONTANTE (OLARIA DO CAPISTANA),,False,False,False,S 11° 16' 17.04'',W 39° 9' 52.92'',28/12/2020 à 03/04/2024,,,6.0,,,
"{'horEstacao': 111639090, 'horDataHora': '2023-04-27T10:00:00.000+0000'}",50496600,50496600,50496600,,AÇUDE ARACI MONTANTE (OLARIA DO CAPISTANA),-11.2714,-39.1647,,2024-02-09T15:23:11.640+0000,5,"5 - Atlântico, Trecho Leste","50 - RIOS VAZA-BARRIS,ITAPICURU E .",RIO ITAPICURU,BAHIA,ARACI,50,50500000,16,16021000,114,114,2020-12-28T10:00:00.000+0000,2024-04-03T20:00:00.000+0000,INEMA-BA,INEMA-BA,Fluviométrica,1,111639090 - AÇUDE ARACI MONTANTE (OLARIA DO CAPISTANA),,False,False,False,S 11° 16' 17.04'',W 39° 9' 52.92'',28/12/2020 à 03/04/2024,,,6.0,,,
"{'horEstacao': 111639090, 'horDataHora': '2023-04-27T20:00:00.000+0000'}",50496600,50496600,50496600,,AÇUDE ARACI MONTANTE (OLARIA DO CAPISTANA),-11.2714,-39.1647,,2024-02-09T15:23:11.640+0000,5,"5 - Atlântico, Trecho Leste","50 - RIOS VAZA-BARRIS,ITAPICURU E .",RIO ITAPICURU,BAHIA,ARACI,50,50500000,16,16021000,114,114,2020-12-28T10:00:00.000+0000,2024-04-03T20:00:00.000+0000,INEMA-BA,INEMA-BA,Fluviométrica,1,111639090 - AÇUDE ARACI MONTANTE (OLARIA DO CAPISTANA),,False,False,False,S 11° 16' 17.04'',W 39° 9' 52.92'',28/12/2020 à 03/04/2024,,,6.0,,,
"{'horEstacao': 111639090, 'horDataHora': '2023-04-28T10:00:00.000+0000'}",50496600,50496600,50496600,,AÇUDE ARACI MONTANTE (OLARIA DO CAPISTANA),-11.2714,-39.1647,,2024-02-09T15:23:11.640+0000,5,"5 - Atlântico, Trecho Leste","50 - RIOS VAZA-BARRIS,ITAPICURU E .",RIO ITAPICURU,BAHIA,ARACI,50,50500000,16,16021000,114,114,2020-12-28T10:00:00.000+0000,2024-04-03T20:00:00.000+0000,INEMA-BA,INEMA-BA,Fluviométrica,1,111639090 - AÇUDE ARACI MONTANTE (OLARIA DO CAPISTANA),,False,False,False,S 11° 16' 17.04'',W 39° 9' 52.92'',28/12/2020 à 03/04/2024,,,6.0,,,
"{'horEstacao': 111639090, 'horDataHora': '2023-04-28T20:00:00.000+0000'}",50496600,50496600,50496600,,AÇUDE ARACI MONTANTE (OLARIA DO CAPISTANA),-11.2714,-39.1647,,2024-02-09T15:23:11.640+0000,5,"5 - Atlântico, Trecho Leste","50 - RIOS VAZA-BARRIS,ITAPICURU E .",RIO ITAPICURU,BAHIA,ARACI,50,50500000,16,16021000,114,114,2020-12-28T10:00:00.000+0000,2024-04-03T20:00:00.000+0000,INEMA-BA,INEMA-BA,Fluviométrica,1,111639090 - AÇUDE ARACI MONTANTE (OLARIA DO CAPISTANA),,False,False,False,S 11° 16' 17.04'',W 39° 9' 52.92'',28/12/2020 à 03/04/2024,,,6.0,,,
"{'horEstacao': 111639090, 'horDataHora': '2023-04-29T10:00:00.000+0000'}",50496600,50496600,50496600,,AÇUDE ARACI MONTANTE (OLARIA DO CAPISTANA),-11.2714,-39.1647,,2024-02-09T15:23:11.640+0000,5,"5 - Atlântico, Trecho Leste","50 - RIOS VAZA-BARRIS,ITAPICURU E .",RIO ITAPICURU,BAHIA,ARACI,50,50500000,16,16021000,114,114,2020-12-28T10:00:00.000+0000,2024-04-03T20:00:00.000+0000,INEMA-BA,INEMA-BA,Fluviométrica,1,111639090 - AÇUDE ARACI MONTANTE (OLARIA DO CAPISTANA),,False,False,False,S 11° 16' 17.04'',W 39° 9' 52.92'',28/12/2020 à 03/04/2024,,,6.0,,,
"{'horEstacao': 111639090, 'horDataHora': '2023-04-29T20:00:00.000+0000'}",50496600,50496600,50496600,,AÇUDE ARACI MONTANTE (OLARIA DO CAPISTANA),-11.2714,-39.1647,,2024-02-09T15:23:11.640+0000,5,"5 - Atlântico, Trecho Leste","50 - RIOS VAZA-BARRIS,ITAPICURU E .",RIO ITAPICURU,BAHIA,ARACI,50,50500000,16,16021000,114,114,2020-12-28T10:00:00.000+0000,2024-04-03T20:00:00.000+0000,INEMA-BA,INEMA-BA,Fluviométrica,1,111639090 - AÇUDE ARACI MONTANTE (OLARIA DO CAPISTANA),,False,False,False,S 11° 16' 17.04'',W 39° 9' 52.92'',28/12/2020 à 03/04/2024,,,6.0,,,
"{'horEstacao': 111639090, 'horDataHora': '2023-04-30T10:00:00.000+0000'}",50496600,50496600,50496600,,AÇUDE ARACI MONTANTE (OLARIA DO CAPISTANA),-11.2714,-39.1647,,2024-02-09T15:23:11.640+0000,5,"5 - Atlântico, Trecho Leste","50 - RIOS VAZA-BARRIS,ITAPICURU E .",RIO ITAPICURU,BAHIA,ARACI,50,50500000,16,16021000,114,114,2020-12-28T10:00:00.000+0000,2024-04-03T20:00:00.000+0000,INEMA-BA,INEMA-BA,Fluviométrica,1,111639090 - AÇUDE ARACI MONTANTE (OLARIA DO CAPISTANA),,False,False,False,S 11° 16' 17.04'',W 39° 9' 52.92'',28/12/2020 à 03/04/2024,,,6.0,,,
"{'horEstacao': 111639090, 'horDataHora': '2023-04-30T20:00:00.000+0000'}",50496600,50496600,50496600,,AÇUDE ARACI MONTANTE (OLARIA DO CAPISTANA),-11.2714,-39.1647,,2024-02-09T15:23:11.640+0000,5,"5 - Atlântico, Trecho Leste","50 - RIOS VAZA-BARRIS,ITAPICURU E .",RIO ITAPICURU,BAHIA,ARACI,50,50500000,16,16021000,114,114,2020-12-28T10:00:00.000+0000,2024-04-03T20:00:00.000+0000,INEMA-BA,INEMA-BA,Fluviométrica,1,111639090 - AÇUDE ARACI MONTANTE (OLARIA DO CAPISTANA),,False,False,False,S 11° 16' 17.04'',W 39° 9' 52.92'',28/12/2020 à 03/04/2024,,,6.0,,,
"{'horEstacao': 111639090, 'horDataHora': '2023-05-01T10:00:00.000+0000'}",50496600,50496600,50496600,,AÇUDE ARACI MONTANTE (OLARIA DO CAPISTANA),-11.2714,-39.1647,,2024-02-09T15:23:11.640+0000,5,"5 - Atlântico, Trecho Leste","50 - RIOS VAZA-BARRIS,ITAPICURU E .",RIO ITAPICURU,BAHIA,ARACI,50,50500000,16,16021000,114,114,2020-12-28T10:00:00.000+0000,2024-04-03T20:00:00.000+0000,INEMA-BA,INEMA-BA,Fluviométrica,1,111639090 - AÇUDE ARACI MONTANTE (OLARIA DO CAPISTANA),,False,False,False,S 11° 16' 17.04'',W 39° 9' 52.92'',28/12/2020 à 03/04/2024,,,6.0,,,
"{'horEstacao': 111639090, 'horDataHora': '2023-05-01T20:00:00.000+0000'}",50496600,50496600,50496600,,AÇUDE ARACI MONTANTE (OLARIA DO CAPISTANA),-11.2714,-39.1647,,2024-02-09T15:23:11.640+0000,5,"5 - Atlântico, Trecho Leste","50 - RIOS VAZA-BARRIS,ITAPICURU E .",RIO ITAPICURU,BAHIA,ARACI,50,50500000,16,16021000,114,114,2020-12-28T10:00:00.000+0000,2024-04-03T20:00:00.000+0000,INEMA-BA,INEMA-BA,Fluviométrica,1,111639090 - AÇUDE ARACI MONTANTE (OLARIA DO CAPISTANA),,False,False,False,S 11° 16' 17.04'',W 39° 9' 52.92'',28/12/2020 à 03/04/2024,,,6.0,,,
"{'horEstacao': 111639090, 'horDataHora': '2023-05-02T10:00:00.000+0000'}",50496600,50496600,50496600,,AÇUDE ARACI MONTANTE (OLARIA DO CAPISTANA),-11.2714,-39.1647,,2024-02-09T15:23:11.640+0000,5,"5 - Atlântico, Trecho Leste","50 - RIOS VAZA-BARRIS,ITAPICURU E .",RIO ITAPICURU,BAHIA,ARACI,50,50500000,16,16021000,114,114,2020-12-28T10:00:00.000+0000,2024-04-03T20:00:00.000+0000,INEMA-BA,INEMA-BA,Fluviométrica,1,111639090 - AÇUDE ARACI MONTANTE (OLARIA DO CAPISTANA),,False,False,False,S 11° 16' 17.04'',W 39° 9' 52.92'',28/12/2020 à 03/04/2024,,,6.0,,,
"{'horEstacao': 111639090, 'horDataHora': '2023-05-02T20:00:00.000+0000'}",50496600,50496600,50496600,,AÇUDE ARACI MONTANTE (OLARIA DO CAPISTANA),-11.2714,-39.1647,,2024-02-09T15:23:11.640+0000,5,"5 - Atlântico, Trecho Leste","50 - RIOS VAZA-BARRIS,ITAPICURU E .",RIO ITAPICURU,BAHIA,ARACI,50,50500000,16,16021000,114,114,2020-12-28T10:00:00.000+0000,2024-04-03T20:00:00.000+0000,INEMA-BA,INEMA-BA,Fluviométrica,1,111639090 - AÇUDE ARACI MONTANTE (OLARIA DO CAPISTANA),,False,False,False,S 11° 16' 17.04'',W 39° 9' 52.92'',28/12/2020 à 03/04/2024,,,6.0,,,
"{'horEstacao': 111639090, 'horDataHora': '2023-05-03T10:00:00.000+0000'}",50496600,50496600,50496600,,AÇUDE ARACI MONTANTE (OLARIA DO CAPISTANA),-11.2714,-39.1647,,2024-02-09T15:23:11.640+0000,5,"5 - Atlântico, Trecho Leste","50 - RIOS VAZA-BARRIS,ITAPICURU E .",RIO ITAPICURU,BAHIA,ARACI,50,50500000,16,16021000,114,114,2020-12-28T10:00:00.000+0000,2024-04-03T20:00:00.000+0000,INEMA-BA,INEMA-BA,Fluviométrica,1,111639090 - AÇUDE ARACI MONTANTE (OLARIA DO CAPISTANA),,False,False,False,S 11° 16' 17.04'',W 39° 9' 52.92'',28/12/2020 à 03/04/2024,,,6.0,,,
"{'horEstacao': 111639090, 'horDataHora': '2023-05-03T20:00:00.000+0000'}",50496600,50496600,50496600,,AÇUDE ARACI MONTANTE (OLARIA DO CAPISTANA),-11.2714,-39.1647,,2024-02-09T15:23:11.640+0000,5,"5 - Atlântico, Trecho Leste","50 - RIOS VAZA-BARRIS,ITAPICURU E .",RIO ITAPICURU,BAHIA,ARACI,50,50500000,16,16021000,114,114,2020-12-28T10:00:00.000+0000,2024-04-03T20:00:00.000+0000,INEMA-BA,INEMA-BA,Fluviométrica,1,111639090 - AÇUDE ARACI MONTANTE (OLARIA DO CAPISTANA),,False,False,False,S 11° 16' 17.04'',W 39° 9' 52.92'',28/12/2020 à 03/04/2024,,,6.0,,,
"{'horEstacao': 111639090, 'horDataHora': '2023-05-04T10:00:00.000+0000'}",50496600,50496600,50496600,,AÇUDE ARACI MONTANTE (OLARIA DO CAPISTANA),-11.2714,-39.1647,,2024-02-09T15:23:11.640+0000,5,"5 - Atlântico, Trecho Leste","50 - RIOS VAZA-BARRIS,ITAPICURU E .",RIO ITAPICURU,BAHIA,ARACI,50,50500000,16,16021000,114,114,2020-12-28T10:00:00.000+0000,2024-04-03T20:00:00.000+0000,INEMA-BA,INEMA-BA,Fluviométrica,1,111639090 - AÇUDE ARACI MONTANTE (OLARIA DO CAPISTANA),,False,False,False,S 11° 16' 17.04'',W 39° 9' 52.92'',28/12/2020 à 03/04/2024,,,6.0,,,
"{'horEstacao': 111639090, 'horDataHora': '2023-05-04T20:00:00.000+0000'}",50496600,50496600,50496600,,AÇUDE ARACI MONTANTE (OLARIA DO CAPISTANA),-11.2714,-39.1647,,2024-02-09T15:23:11.640+0000,5,"5 - Atlântico, Trecho Leste","50 - RIOS VAZA-BARRIS,ITAPICURU E .",RIO ITAPICURU,BAHIA,ARACI,50,50500000,16,16021000,114,114,2020-12-28T10:00:00.000+0000,2024-04-03T20:00:00.000+0000,INEMA-BA,INEMA-BA,Fluviométrica,1,111639090 - AÇUDE ARACI MONTANTE (OLARIA DO CAPISTANA),,False,False,False,S 11° 16' 17.04'',W 39° 9' 52.92'',28/12/2020 à 03/04/2024,,,6.0,,,
"{'horEstacao': 111639090, 'horDataHora': '2023-05-05T10:00:00.000+0000'}",50496600,50496600,50496600,,AÇUDE ARACI MONTANTE (OLARIA DO CAPISTANA),-11.2714,-39.1647,,2024-02-09T15:23:11.640+0000,5,"5 - Atlântico, Trecho Leste","50 - RIOS VAZA-BARRIS,ITAPICURU E .",RIO ITAPICURU,BAHIA,ARACI,50,50500000,16,16021000,114,114,2020-12-28T10:00:00.000+0000,2024-04-03T20:00:00.000+0000,INEMA-BA,INEMA-BA,Fluviométrica,1,111639090 - AÇUDE ARACI MONTANTE (OLARIA DO CAPISTANA),,False,False,False,S 11° 16' 17.04'',W 39° 9' 52.92'',28/12/2020 à 03/04/2024,,,6.0,,,
"{'horEstacao': 111639090, 'horDataHora': '2023-05-05T20:00:00.000+0000'}",50496600,50496600,50496600,,AÇUDE ARACI MONTANTE (OLARIA DO CAPISTANA),-11.2714,-39.1647,,2024-02-09T15:23:11.640+0000,5,"5 - Atlântico, Trecho Leste","50 - RIOS VAZA-BARRIS,ITAPICURU E .",RIO ITAPICURU,BAHIA,ARACI,50,50500000,16,16021000,114,114,2020-12-28T10:00:00.000+0000,2024-04-03T20:00:00.000+0000,INEMA-BA,INEMA-BA,Fluviométrica,1,111639090 - AÇUDE ARACI MONTANTE (OLARIA DO CAPISTANA),,False,False,False,S 11° 16' 17.04'',W 39° 9' 52.92'',28/12/2020 à 03/04/2024,,,6.0,,,
"{'horEstacao': 111639090, 'horDataHora': '2023-05-06T10:00:00.000+0000'}",50496600,50496600,50496600,,AÇUDE ARACI MONTANTE (OLARIA DO CAPISTANA),-11.2714,-39.1647,,2024-02-09T15:23:11.640+0000,5,"5 - Atlântico, Trecho Leste","50 - RIOS VAZA-BARRIS,ITAPICURU E .",RIO ITAPICURU,BAHIA,ARACI,50,50500000,16,16021000,114,114,2020-12-28T10:00:00.000+0000,2024-04-03T20:00:00.000+0000,INEMA-BA,INEMA-BA,Fluviométrica,1,111639090 - AÇUDE ARACI MONTANTE (OLARIA DO CAPISTANA),,False,False,False,S 11° 16' 17.04'',W 39° 9' 52.92'',28/12/2020 à 03/04/2024,,,6.0,,,
"{'horEstacao': 111639090, 'horDataHora': '2023-05-06T20:00:00.000+0000'}",50496600,50496600,50496600,,AÇUDE ARACI MONTANTE (OLARIA DO CAPISTANA),-11.2714,-39.1647,,2024-02-09T15:23:11.640+0000,5,"5 - Atlântico, Trecho Leste","50 - RIOS VAZA-BARRIS,ITAPICURU E .",RIO ITAPICURU,BAHIA,ARACI,50,50500000,16,16021000,114,114,2020-12-28T10:00:00.000+0000,2024-04-03T20:00:00.000+0000,INEMA-BA,INEMA-BA,Fluviométrica,1,111639090 - AÇUDE ARACI MONTANTE (OLARIA DO CAPISTANA),,False,False,False,S 11° 16' 17.04'',W 39° 9' 52.92'',28/12/2020 à 03/04/2024,,,6.0,,,
"{'horEstacao': 111639090, 'horDataHora': '2023-05-07T10:00:00.000+0000'}",50496600,50496600,50496600,,AÇUDE ARACI MONTANTE (OLARIA DO CAPISTANA),-11.2714,-39.1647,,2024-02-09T15:23:11.640+0000,5,"5 - Atlântico, Trecho Leste","50 - RIOS VAZA-BARRIS,ITAPICURU E .",RIO ITAPICURU,BAHIA,ARACI,50,50500000,16,16021000,114,114,2020-12-28T10:00:00.000+0000,2024-04-03T20:00:00.000+0000,INEMA-BA,INEMA-BA,Fluviométrica,1,111639090 - AÇUDE ARACI MONTANTE (OLARIA DO CAPISTANA),,False,False,False,S 11° 16' 17.04'',W 39° 9' 52.92'',28/12/2020 à 03/04/2024,,,6.0,,,
"{'horEstacao': 111639090, 'horDataHora': '2023-05-07T20:00:00.000+0000'}",50496600,50496600,50496600,,AÇUDE ARACI MONTANTE (OLARIA DO CAPISTANA),-11.2714,-39.1647,,2024-02-09T15:23:11.640+0000,5,"5 - Atlântico, Trecho Leste","50 - RIOS VAZA-BARRIS,ITAPICURU E .",RIO ITAPICURU,BAHIA,ARACI,50,50500000,16,16021000,114,114,2020-12-28T10:00:00.000+0000,2024-04-03T20:00:00.000+0000,INEMA-BA,INEMA-BA,Fluviométrica,1,111639090 - AÇUDE ARACI MONTANTE (OLARIA DO CAPISTANA),,False,False,False,S 11° 16' 17.04'',W 39° 9' 52.92'',28/12/2020 à 03/04/2024,,,6.0,,,
"{'horEstacao': 111639090, 'horDataHora': '2023-05-08T10:00:00.000+0000'}",50496600,50496600,50496600,,AÇUDE ARACI MONTANTE (OLARIA DO CAPISTANA),-11.2714,-39.1647,,2024-02-09T15:23:11.640+0000,5,"5 - Atlântico, Trecho Leste","50 - RIOS VAZA-BARRIS,ITAPICURU E .",RIO ITAPICURU,BAHIA,ARACI,50,50500000,16,16021000,114,114,2020-12-28T10:00:00.000+0000,2024-04-03T20:00:00.000+0000,INEMA-BA,INEMA-BA,Fluviométrica,1,111639090 - AÇUDE ARACI MONTANTE (OLARIA DO CAPISTANA),,False,False,False,S 11° 16' 17.04'',W 39° 9' 52.92'',28/12/2020 à 03/04/2024,,,6.0,,,
"{'horEstacao': 111639090, 'horDataHora': '2023-05-08T20:00:00.000+0000'}",50496600,50496600,50496600,,AÇUDE ARACI MONTANTE (OLARIA DO CAPISTANA),-11.2714,-39.1647,,2024-02-09T15:23:11.640+0000,5,"5 - Atlântico, Trecho Leste","50 - RIOS VAZA-BARRIS,ITAPICURU E .",RIO ITAPICURU,BAHIA,ARACI,50,50500000,16,16021000,114,114,2020-12-28T10:00:00.000+0000,2024-04-03T20:00:00.000+0000,INEMA-BA,INEMA-BA,Fluviométrica,1,111639090 - AÇUDE ARACI MONTANTE (OLARIA DO CAPISTANA),,False,False,False,S 11° 16' 17.04'',W 39° 9' 52.92'',28/12/2020 à 03/04/2024,,,6.0,,,
"{'horEstacao': 111639090, 'horDataHora': '2023-05-09T10:00:00.000+0000'}",50496600,50496600,50496600,,AÇUDE ARACI MONTANTE (OLARIA DO CAPISTANA),-11.2714,-39.1647,,2024-02-09T15:23:11.640+0000,5,"5 - Atlântico, Trecho Leste","50 - RIOS VAZA-BARRIS,ITAPICURU E .",RIO ITAPICURU,BAHIA,ARACI,50,50500000,16,16021000,114,114,2020-12-28T10:00:00.000+0000,2024-04-03T20:00:00.000+0000,INEMA-BA,INEMA-BA,Fluviométrica,1,111639090 - AÇUDE ARACI MONTANTE (OLARIA DO CAPISTANA),,False,False,False,S 11° 16' 17.04'',W 39° 9' 52.92'',28/12/2020 à 03/04/2024,,,6.0,,,
"{'horEstacao': 111639090, 'horDataHora': '2023-05-09T20:00:00.000+0000'}",50496600,50496600,50496600,,AÇUDE ARACI MONTANTE (OLARIA DO CAPISTANA),-11.2714,-39.1647,,2024-02-09T15:23:11.640+0000,5,"5 - Atlântico, Trecho Leste","50 - RIOS VAZA-BARRIS,ITAPICURU E .",RIO ITAPICURU,BAHIA,ARACI,50,50500000,16,16021000,114,114,2020-12-28T10:00:00.000+0000,2024-04-03T20:00:00.000+0000,INEMA-BA,INEMA-BA,Fluviométrica,1,111639090 - AÇUDE ARACI MONTANTE (OLARIA DO CAPISTANA),,False,False,False,S 11° 16' 17.04'',W 39° 9' 52.92'',28/12/2020 à 03/04/2024,,,6.0,,,
"{'horEstacao': 111639090, 'horDataHora': '2023-05-10T10:00:00.000+0000'}",50496600,50496600,50496600,,AÇUDE ARACI MONTANTE (OLARIA DO CAPISTANA),-11.2714,-39.1647,,2024-02-09T15:23:11.640+0000,5,"5 - Atlântico, Trecho Leste","50 - RIOS VAZA-BARRIS,ITAPICURU E .",RIO ITAPICURU,BAHIA,ARACI,50,50500000,16,16021000,114,114,2020-12-28T10:00:00.000+0000,2024-04-03T20:00:00.000+0000,INEMA-BA,INEMA-BA,Fluviométrica,1,111639090 - AÇUDE ARACI MONTANTE (OLARIA DO CAPISTANA),,False,False,False,S 11° 16' 17.04'',W 39° 9' 52.92'',28/12/2020 à 03/04/2024,,,6.0,,,
"{'horEstacao': 111639090, 'horDataHora': '2023-05-10T20:00:00.000+0000'}",50496600,50496600,50496600,,AÇUDE ARACI MONTANTE (OLARIA DO CAPISTANA),-11.2714,-39.1647,,2024-02-09T15:23:11.640+0000,5,"5 - Atlântico, Trecho Leste","50 - RIOS VAZA-BARRIS,ITAPICURU E .",RIO ITAPICURU,BAHIA,ARACI,50,50500000,16,16021000,114,114,2020-12-28T10:00:00.000+0000,2024-04-03T20:00:00.000+0000,INEMA-BA,INEMA-BA,Fluviométrica,1,111639090 - AÇUDE ARACI MONTANTE (OLARIA DO CAPISTANA),,False,False,False,S 11° 16' 17.04'',W 39° 9' 52.92'',28/12/2020 à 03/04/2024,,,6.0,,,
"{'horEstacao': 111639090, 'horDataHora': '2023-05-11T10:00:00.000+0000'}",50496600,50496600,50496600,,AÇUDE ARACI MONTANTE (OLARIA DO CAPISTANA),-11.2714,-39.1647,,2024-02-09T15:23:11.640+0000,5,"5 - Atlântico, Trecho Leste","50 - RIOS VAZA-BARRIS,ITAPICURU E .",RIO ITAPICURU,BAHIA,ARACI,50,50500000,16,16021000,114,114,2020-12-28T10:00:00.000+0000,2024-04-03T20:00:00.000+0000,INEMA-BA,INEMA-BA,Fluviométrica,1,111639090 - AÇUDE ARACI MONTANTE (OLARIA DO CAPISTANA),,False,False,False,S 11° 16' 17.04'',W 39° 9' 52.92'',28/12/2020 à 03/04/2024,,,6.0,,,
"{'horEstacao': 111639090, 'horDataHora': '2023-05-11T20:00:00.000+0000'}",50496600,50496600,50496600,,AÇUDE ARACI MONTANTE (OLARIA DO CAPISTANA),-11.2714,-39.1647,,2024-02-09T15:23:11.640+0000,5,"5 - Atlântico, Trecho Leste","50 - RIOS VAZA-BARRIS,ITAPICURU E .",RIO ITAPICURU,BAHIA,ARACI,50,50500000,16,16021000,114,114,2020-12-28T10:00:00.000+0000,2024-04-03T20:00:00.000+0000,INEMA-BA,INEMA-BA,Fluviométrica,1,111639090 - AÇUDE ARACI MONTANTE (OLARIA DO CAPISTANA),,False,False,False,S 11° 16' 17.04'',W 39° 9' 52.92'',28/12/2020 à 03/04/2024,,,6.0,,,
"{'horEstacao': 111639090, 'horDataHora': '2023-05-12T10:00:00.000+0000'}",50496600,50496600,50496600,,AÇUDE ARACI MONTANTE (OLARIA DO CAPISTANA),-11.2714,-39.1647,,2024-02-09T15:23:11.640+0000,5,"5 - Atlântico, Trecho Leste","50 - RIOS VAZA-BARRIS,ITAPICURU E .",RIO ITAPICURU,BAHIA,ARACI,50,50500000,16,16021000,114,114,2020-12-28T10:00:00.000+0000,2024-04-03T20:00:00.000+0000,INEMA-BA,INEMA-BA,Fluviométrica,1,111639090 - AÇUDE ARACI MONTANTE (OLARIA DO CAPISTANA),,False,False,False,S 11° 16' 17.04'',W 39° 9' 52.92'',28/12/2020 à 03/04/2024,,,6.0,,,
"{'horEstacao': 111639090, 'horDataHora': '2023-05-12T20:00:00.000+0000'}",50496600,50496600,50496600,,AÇUDE ARACI MONTANTE (OLARIA DO CAPISTANA),-11.2714,-39.1647,,2024-02-09T15:23:11.640+0000,5,"5 - Atlântico, Trecho Leste","50 - RIOS VAZA-BARRIS,ITAPICURU E .",RIO ITAPICURU,BAHIA,ARACI,50,50500000,16,16021000,114,114,2020-12-28T10:00:00.000+0000,2024-04-03T20:00:00.000+0000,INEMA-BA,INEMA-BA,Fluviométrica,1,111639090 - AÇUDE ARACI MONTANTE (OLARIA DO CAPISTANA),,False,False,False,S 11° 16' 17.04'',W 39° 9' 52.92'',28/12/2020 à 03/04/2024,,,6.0,,,
"{'horEstacao': 111639090, 'horDataHora': '2023-05-13T10:00:00.000+0000'}",50496600,50496600,50496600,,AÇUDE ARACI MONTANTE (OLARIA DO CAPISTANA),-11.2714,-39.1647,,2024-02-09T15:23:11.640+0000,5,"5 - Atlântico, Trecho Leste","50 - RIOS VAZA-BARRIS,ITAPICURU E .",RIO ITAPICURU,BAHIA,ARACI,50,50500000,16,16021000,114,114,2020-12-28T10:00:00.000+0000,2024-04-03T20:00:00.000+0000,INEMA-BA,INEMA-BA,Fluviométrica,1,111639090 - AÇUDE ARACI MONTANTE (OLARIA DO CAPISTANA),,False,False,False,S 11° 16' 17.04'',W 39° 9' 52.92'',28/12/2020 à 03/04/2024,,,6.0,,,
"{'horEstacao': 111639090, 'horDataHora': '2023-05-13T20:00:00.000+0000'}",50496600,50496600,50496600,,AÇUDE ARACI MONTANTE (OLARIA DO CAPISTANA),-11.2714,-39.1647,,2024-02-09T15:23:11.640+0000,5,"5 - Atlântico, Trecho Leste","50 - RIOS VAZA-BARRIS,ITAPICURU E .",RIO ITAPICURU,BAHIA,ARACI,50,50500000,16,16021000,114,114,2020-12-28T10:00:00.000+0000,2024-04-03T20:00:00.000+0000,INEMA-BA,INEMA-BA,Fluviométrica,1,111639090 - AÇUDE ARACI MONTANTE (OLARIA DO CAPISTANA),,False,False,False,S 11° 16' 17.04'',W 39° 9' 52.92'',28/12/2020 à 03/04/2024,,,6.0,,,
"{'horEstacao': 111639090, 'horDataHora': '2023-05-14T10:00:00.000+0000'}",50496600,50496600,50496600,,AÇUDE ARACI MONTANTE (OLARIA DO CAPISTANA),-11.2714,-39.1647,,2024-02-09T15:23:11.640+0000,5,"5 - Atlântico, Trecho Leste","50 - RIOS VAZA-BARRIS,ITAPICURU E .",RIO ITAPICURU,BAHIA,ARACI,50,50500000,16,16021000,114,114,2020-12-28T10:00:00.000+0000,2024-04-03T20:00:00.000+0000,INEMA-BA,INEMA-BA,Fluviométrica,1,111639090 - AÇUDE ARACI MONTANTE (OLARIA DO CAPISTANA),,False,False,False,S 11° 16' 17.04'',W 39° 9' 52.92'',28/12/2020 à 03/04/2024,,,6.0,,,
"{'horEstacao': 111639090, 'horDataHora': '2023-05-14T20:00:00.000+0000'}",50496600,50496600,50496600,,AÇUDE ARACI MONTANTE (OLARIA DO CAPISTANA),-11.2714,-39.1647,,2024-02-09T15:23:11.640+0000,5,"5 - Atlântico, Trecho Leste","50 - RIOS VAZA-BARRIS,ITAPICURU E .",RIO ITAPICURU,BAHIA,ARACI,50,50500000,16,16021000,114,114,2020-12-28T10:00:00.000+0000,2024-04-03T20:00:00.000+0000,INEMA-BA,INEMA-BA,Fluviométrica,1,111639090 - AÇUDE ARACI MONTANTE (OLARIA DO CAPISTANA),,False,False,False,S 11° 16' 17.04'',W 39° 9' 52.92'',28/12/2020 à 03/04/2024,,,6.0,,,
"{'horEstacao': 111639090, 'horDataHora': '2023-05-15T10:00:00.000+0000'}",50496600,50496600,50496600,,AÇUDE ARACI MONTANTE (OLARIA DO CAPISTANA),-11.2714,-39.1647,,2024-02-09T15:23:11.640+0000,5,"5 - Atlântico, Trecho Leste","50 - RIOS VAZA-BARRIS,ITAPICURU E .",RIO ITAPICURU,BAHIA,ARACI,50,50500000,16,16021000,114,114,2020-12-28T10:00:00.000+0000,2024-04-03T20:00:00.000+0000,INEMA-BA,INEMA-BA,Fluviométrica,1,111639090 - AÇUDE ARACI MONTANTE (OLARIA DO CAPISTANA),,False,False,False,S 11° 16' 17.04'',W 39° 9' 52.92'',28/12/2020 à 03/04/2024,,,6.0,,,
"{'horEstacao': 111639090, 'horDataHora': '2023-05-15T20:00:00.000+0000'}",50496600,50496600,50496600,,AÇUDE ARACI MONTANTE (OLARIA DO CAPISTANA),-11.2714,-39.1647,,2024-02-09T15:23:11.640+0000,5,"5 - Atlântico, Trecho Leste","50 - RIOS VAZA-BARRIS,ITAPICURU E .",RIO ITAPICURU,BAHIA,ARACI,50,50500000,16,16021000,114,114,2020-12-28T10:00:00.000+0000,2024-04-03T20:00:00.000+0000,INEMA-BA,INEMA-BA,Fluviométrica,1,111639090 - AÇUDE ARACI MONTANTE (OLARIA DO CAPISTANA),,False,False,False,S 11° 16' 17.04'',W 39° 9' 52.92'',28/12/2020 à 03/04/2024,,,6.0,,,
"{'horEstacao': 111639090, 'horDataHora': '2023-05-16T10:00:00.000+0000'}",50496600,50496600,50496600,,AÇUDE ARACI MONTANTE (OLARIA DO CAPISTANA),-11.2714,-39.1647,,2024-02-09T15:23:11.640+0000,5,"5 - Atlântico, Trecho Leste","50 - RIOS VAZA-BARRIS,ITAPICURU E .",RIO ITAPICURU,BAHIA,ARACI,50,50500000,16,16021000,114,114,2020-12-28T10:00:00.000+0000,2024-04-03T20:00:00.000+0000,INEMA-BA,INEMA-BA,Fluviométrica,1,111639090 - AÇUDE ARACI MONTANTE (OLARIA DO CAPISTANA),,False,False,False,S 11° 16' 17.04'',W 39° 9' 52.92'',28/12/2020 à 03/04/2024,,,6.0,,,
"{'horEstacao': 111639090, 'horDataHora': '2023-05-16T20:00:00.000+0000'}",50496600,50496600,50496600,,AÇUDE ARACI MONTANTE (OLARIA DO CAPISTANA),-11.2714,-39.1647,,2024-02-09T15:23:11.640+0000,5,"5 - Atlântico, Trecho Leste","50 - RIOS VAZA-BARRIS,ITAPICURU E .",RIO ITAPICURU,BAHIA,ARACI,50,50500000,16,16021000,114,114,2020-12-28T10:00:00.000+0000,2024-04-03T20:00:00.000+0000,INEMA-BA,INEMA-BA,Fluviométrica,1,111639090 - AÇUDE ARACI MONTANTE (OLARIA DO CAPISTANA),,False,False,False,S 11° 16' 17.04'',W 39° 9' 52.92'',28/12/2020 à 03/04/2024,,,6.0,,,
"{'horEstacao': 111639090, 'horDataHora': '2023-05-17T10:00:00.000+0000'}",50496600,50496600,50496600,,AÇUDE ARACI MONTANTE (OLARIA DO CAPISTANA),-11.2714,-39.1647,,2024-02-09T15:23:11.640+0000,5,"5 - Atlântico, Trecho Leste","50 - RIOS VAZA-BARRIS,ITAPICURU E .",RIO ITAPICURU,BAHIA,ARACI,50,50500000,16,16021000,114,114,2020-12-28T10:00:00.000+0000,2024-04-03T20:00:00.000+0000,INEMA-BA,INEMA-BA,Fluviométrica,1,111639090 - AÇUDE ARACI MONTANTE (OLARIA DO CAPISTANA),,False,False,False,S 11° 16' 17.04'',W 39° 9' 52.92'',28/12/2020 à 03/04/2024,,,6.0,,,
"{'horEstacao': 111639090, 'horDataHora': '2023-05-17T20:00:00.000+0000'}",50496600,50496600,50496600,,AÇUDE ARACI MONTANTE (OLARIA DO CAPISTANA),-11.2714,-39.1647,,2024-02-09T15:23:11.640+0000,5,"5 - Atlântico, Trecho Leste","50 - RIOS VAZA-BARRIS,ITAPICURU E .",RIO ITAPICURU,BAHIA,ARACI,50,50500000,16,16021000,114,114,2020-12-28T10:00:00.000+0000,2024-04-03T20:00:00.000+0000,INEMA-BA,INEMA-BA,Fluviométrica,1,111639090 - AÇUDE ARACI MONTANTE (OLARIA DO CAPISTANA),,False,False,False,S 11° 16' 17.04'',W 39° 9' 52.92'',28/12/2020 à 03/04/2024,,,6.0,,,
"{'horEstacao': 111639090, 'horDataHora': '2023-05-18T10:00:00.000+0000'}",50496600,50496600,50496600,,AÇUDE ARACI MONTANTE (OLARIA DO CAPISTANA),-11.2714,-39.1647,,2024-02-09T15:23:11.640+0000,5,"5 - Atlântico, Trecho Leste","50 - RIOS VAZA-BARRIS,ITAPICURU E .",RIO ITAPICURU,BAHIA,ARACI,50,50500000,16,16021000,114,114,2020-12-28T10:00:00.000+0000,2024-04-03T20:00:00.000+0000,INEMA-BA,INEMA-BA,Fluviométrica,1,111639090 - AÇUDE ARACI MONTANTE (OLARIA DO CAPISTANA),,False,False,False,S 11° 16' 17.04'',W 39° 9' 52.92'',28/12/2020 à 03/04/2024,,,6.0,,,
"{'horEstacao': 111639090, 'horDataHora': '2023-05-18T20:00:00.000+0000'}",50496600,50496600,50496600,,AÇUDE ARACI MONTANTE (OLARIA DO CAPISTANA),-11.2714,-39.1647,,2024-02-09T15:23:11.640+0000,5,"5 - Atlântico, Trecho Leste","50 - RIOS VAZA-BARRIS,ITAPICURU E .",RIO ITAPICURU,BAHIA,ARACI,50,50500000,16,16021000,114,114,2020-12-28T10:00:00.000+0000,2024-04-03T20:00:00.000+0000,INEMA-BA,INEMA-BA,Fluviométrica,1,111639090 - AÇUDE ARACI MONTANTE (OLARIA DO CAPISTANA),,False,False,False,S 11° 16' 17.04'',W 39° 9' 52.92'',28/12/2020 à 03/04/2024,,,6.0,,,
"{'horEstacao': 111639090, 'horDataHora': '2023-05-19T10:00:00.000+0000'}",50496600,50496600,50496600,,AÇUDE ARACI MONTANTE (OLARIA DO CAPISTANA),-11.2714,-39.1647,,2024-02-09T15:23:11.640+0000,5,"5 - Atlântico, Trecho Leste","50 - RIOS VAZA-BARRIS,ITAPICURU E .",RIO ITAPICURU,BAHIA,ARACI,50,50500000,16,16021000,114,114,2020-12-28T10:00:00.000+0000,2024-04-03T20:00:00.000+0000,INEMA-BA,INEMA-BA,Fluviométrica,1,111639090 - AÇUDE ARACI MONTANTE (OLARIA DO CAPISTANA),,False,False,False,S 11° 16' 17.04'',W 39° 9' 52.92'',28/12/2020 à 03/04/2024,,,6.0,,,
"{'horEstacao': 111639090, 'horDataHora': '2023-05-19T20:00:00.000+0000'}",50496600,50496600,50496600,,AÇUDE ARACI MONTANTE (OLARIA DO CAPISTANA),-11.2714,-39.1647,,2024-02-09T15:23:11.640+0000,5,"5 - Atlântico, Trecho Leste","50 - RIOS VAZA-BARRIS,ITAPICURU E .",RIO ITAPICURU,BAHIA,ARACI,50,50500000,16,16021000,114,114,2020-12-28T10:00:00.000+0000,2024-04-03T20:00:00.000+0000,INEMA-BA,INEMA-BA,Fluviométrica,1,111639090 - AÇUDE ARACI MONTANTE (OLARIA DO CAPISTANA),,False,False,False,S 11° 16' 17.04'',W 39° 9' 52.92'',28/12/2020 à 03/04/2024,,,6.0,,,
"{'horEstacao': 111639090, 'horDataHora': '2023-05-20T10:00:00.000+0000'}",50496600,50496600,50496600,,AÇUDE ARACI MONTANTE (OLARIA DO CAPISTANA),-11.2714,-39.1647,,2024-02-09T15:23:11.640+0000,5,"5 - Atlântico, Trecho Leste","50 - RIOS VAZA-BARRIS,ITAPICURU E .",RIO ITAPICURU,BAHIA,ARACI,50,50500000,16,16021000,114,114,2020-12-28T10:00:00.000+0000,2024-04-03T20:00:00.000+0000,INEMA-BA,INEMA-BA,Fluviométrica,1,111639090 - AÇUDE ARACI MONTANTE (OLARIA DO CAPISTANA),,False,False,False,S 11° 16' 17.04'',W 39° 9' 52.92'',28/12/2020 à 03/04/2024,,,6.0,,,
"{'horEstacao': 111639090, 'horDataHora': '2023-05-20T20:00:00.000+0000'}",50496600,50496600,50496600,,AÇUDE ARACI MONTANTE (OLARIA DO CAPISTANA),-11.2714,-39.1647,,2024-02-09T15:23:11.640+0000,5,"5 - Atlântico, Trecho Leste","50 - RIOS VAZA-BARRIS,ITAPICURU E .",RIO ITAPICURU,BAHIA,ARACI,50,50500000,16,16021000,114,114,2020-12-28T10:00:00.000+0000,2024-04-03T20:00:00.000+0000,INEMA-BA,INEMA-BA,Fluviométrica,1,111639090 - AÇUDE ARACI MONTANTE (OLARIA DO CAPISTANA),,False,False,False,S 11° 16' 17.04'',W 39° 9' 52.92'',28/12/2020 à 03/04/2024,,,6.0,,,
"{'horEstacao': 111639090, 'horDataHora': '2023-05-21T10:00:00.000+0000'}",50496600,50496600,50496600,,AÇUDE ARACI MONTANTE (OLARIA DO CAPISTANA),-11.2714,-39.1647,,2024-02-09T15:23:11.640+0000,5,"5 - Atlântico, Trecho Leste","50 - RIOS VAZA-BARRIS,ITAPICURU E .",RIO ITAPICURU,BAHIA,ARACI,50,50500000,16,16021000,114,114,2020-12-28T10:00:00.000+0000,2024-04-03T20:00:00.000+0000,INEMA-BA,INEMA-BA,Fluviométrica,1,111639090 - AÇUDE ARACI MONTANTE (OLARIA DO CAPISTANA),,False,False,False,S 11° 16' 17.04'',W 39° 9' 52.92'',28/12/2020 à 03/04/2024,,,6.0,,,
"{'horEstacao': 111639090, 'horDataHora': '2023-05-21T20:00:00.000+0000'}",50496600,50496600,50496600,,AÇUDE ARACI MONTANTE (OLARIA DO CAPISTANA),-11.2714,-39.1647,,2024-02-09T15:23:11.640+0000,5,"5 - Atlântico, Trecho Leste","50 - RIOS VAZA-BARRIS,ITAPICURU E .",RIO ITAPICURU,BAHIA,ARACI,50,50500000,16,16021000,114,114,2020-12-28T10:00:00.000+0000,2024-04-03T20:00:00.000+0000,INEMA-BA,INEMA-BA,Fluviométrica,1,111639090 - AÇUDE ARACI MONTANTE (OLARIA DO CAPISTANA),,False,False,False,S 11° 16' 17.04'',W 39° 9' 52.92'',28/12/2020 à 03/04/2024,,,6.0,,,
"{'horEstacao': 111639090, 'horDataHora': '2023-05-22T10:00:00.000+0000'}",50496600,50496600,50496600,,AÇUDE ARACI MONTANTE (OLARIA DO CAPISTANA),-11.2714,-39.1647,,2024-02-09T15:23:11.640+0000,5,"5 - Atlântico, Trecho Leste","50 - RIOS VAZA-BARRIS,ITAPICURU E .",RIO ITAPICURU,BAHIA,ARACI,50,50500000,16,16021000,114,114,2020-12-28T10:00:00.000+0000,2024-04-03T20:00:00.000+0000,INEMA-BA,INEMA-BA,Fluviométrica,1,111639090 - AÇUDE ARACI MONTANTE (OLARIA DO CAPISTANA),,False,False,False,S 11° 16' 17.04'',W 39° 9' 52.92'',28/12/2020 à 03/04/2024,,,6.0,,,
"{'horEstacao': 111639090, 'horDataHora': '2023-05-22T20:00:00.000+0000'}",50496600,50496600,50496600,,AÇUDE ARACI MONTANTE (OLARIA DO CAPISTANA),-11.2714,-39.1647,,2024-02-09T15:23:11.640+0000,5,"5 - Atlântico, Trecho Leste","50 - RIOS VAZA-BARRIS,ITAPICURU E .",RIO ITAPICURU,BAHIA,ARACI,50,50500000,16,16021000,114,114,2020-12-28T10:00:00.000+0000,2024-04-03T20:00:00.000+0000,INEMA-BA,INEMA-BA,Fluviométrica,1,111639090 - AÇUDE ARACI MONTANTE (OLARIA DO CAPISTANA),,False,False,False,S 11° 16' 17.04'',W 39° 9' 52.92'',28/12/2020 à 03/04/2024,,,6.0,,,
"{'horEstacao': 111639090, 'horDataHora': '2023-05-23T10:00:00.000+0000'}",50496600,50496600,50496600,,AÇUDE ARACI MONTANTE (OLARIA DO CAPISTANA),-11.2714,-39.1647,,2024-02-09T15:23:11.640+0000,5,"5 - Atlântico, Trecho Leste","50 - RIOS VAZA-BARRIS,ITAPICURU E .",RIO ITAPICURU,BAHIA,ARACI,50,50500000,16,16021000,114,114,2020-12-28T10:00:00.000+0000,2024-04-03T20:00:00.000+0000,INEMA-BA,INEMA-BA,Fluviométrica,1,111639090 - AÇUDE ARACI MONTANTE (OLARIA DO CAPISTANA),,False,False,False,S 11° 16' 17.04'',W 39° 9' 52.92'',28/12/2020 à 03/04/2024,,,6.0,,,
"{'horEstacao': 111639090, 'horDataHora': '2023-05-23T20:00:00.000+0000'}",50496600,50496600,50496600,,AÇUDE ARACI MONTANTE (OLARIA DO CAPISTANA),-11.2714,-39.1647,,2024-02-09T15:23:11.640+0000,5,"5 - Atlântico, Trecho Leste","50 - RIOS VAZA-BARRIS,ITAPICURU E .",RIO ITAPICURU,BAHIA,ARACI,50,50500000,16,16021000,114,114,2020-12-28T10:00:00.000+0000,2024-04-03T20:00:00.000+0000,INEMA-BA,INEMA-BA,Fluviométrica,1,111639090 - AÇUDE ARACI MONTANTE (OLARIA DO CAPISTANA),,False,False,False,S 11° 16' 17.04'',W 39° 9' 52.92'',28/12/2020 à 03/04/2024,,,6.0,,,
"{'horEstacao': 111639090, 'horDataHora': '2023-05-24T10:00:00.000+0000'}",50496600,50496600,50496600,,AÇUDE ARACI MONTANTE (OLARIA DO CAPISTANA),-11.2714,-39.1647,,2024-02-09T15:23:11.640+0000,5,"5 - Atlântico, Trecho Leste","50 - RIOS VAZA-BARRIS,ITAPICURU E .",RIO ITAPICURU,BAHIA,ARACI,50,50500000,16,16021000,114,114,2020-12-28T10:00:00.000+0000,2024-04-03T20:00:00.000+0000,INEMA-BA,INEMA-BA,Fluviométrica,1,111639090 - AÇUDE ARACI MONTANTE (OLARIA DO CAPISTANA),,False,False,False,S 11° 16' 17.04'',W 39° 9' 52.92'',28/12/2020 à 03/04/2024,,,6.0,,,
"{'horEstacao': 111639090, 'horDataHora': '2023-05-24T20:00:00.000+0000'}",50496600,50496600,50496600,,AÇUDE ARACI MONTANTE (OLARIA DO CAPISTANA),-11.2714,-39.1647,,2024-02-09T15:23:11.640+0000,5,"5 - Atlântico, Trecho Leste","50 - RIOS VAZA-BARRIS,ITAPICURU E .",RIO ITAPICURU,BAHIA,ARACI,50,50500000,16,16021000,114,114,2020-12-28T10:00:00.000+0000,2024-04-03T20:00:00.000+0000,INEMA-BA,INEMA-BA,Fluviométrica,1,111639090 - AÇUDE ARACI MONTANTE (OLARIA DO CAPISTANA),,False,False,False,S 11° 16' 17.04'',W 39° 9' 52.92'',28/12/2020 à 03/04/2024,,,6.0,,,
"{'horEstacao': 111639090, 'horDataHora': '2023-05-25T10:00:00.000+0000'}",50496600,50496600,50496600,,AÇUDE ARACI MONTANTE (OLARIA DO CAPISTANA),-11.2714,-39.1647,,2024-02-09T15:23:11.640+0000,5,"5 - Atlântico, Trecho Leste","50 - RIOS VAZA-BARRIS,ITAPICURU E .",RIO ITAPICURU,BAHIA,ARACI,50,50500000,16,16021000,114,114,2020-12-28T10:00:00.000+0000,2024-04-03T20:00:00.000+0000,INEMA-BA,INEMA-BA,Fluviométrica,1,111639090 - AÇUDE ARACI MONTANTE (OLARIA DO CAPISTANA),,False,False,False,S 11° 16' 17.04'',W 39° 9' 52.92'',28/12/2020 à 03/04/2024,,,6.0,,,
"{'horEstacao': 111639090, 'horDataHora': '2023-05-25T20:00:00.000+0000'}",50496600,50496600,50496600,,AÇUDE ARACI MONTANTE (OLARIA DO CAPISTANA),-11.2714,-39.1647,,2024-02-09T15:23:11.640+0000,5,"5 - Atlântico, Trecho Leste","50 - RIOS VAZA-BARRIS,ITAPICURU E .",RIO ITAPICURU,BAHIA,ARACI,50,50500000,16,16021000,114,114,2020-12-28T10:00:00.000+0000,2024-04-03T20:00:00.000+0000,INEMA-BA,INEMA-BA,Fluviométrica,1,111639090 - AÇUDE ARACI MONTANTE (OLARIA DO CAPISTANA),,False,False,False,S 11° 16' 17.04'',W 39° 9' 52.92'',28/12/2020 à 03/04/2024,,,6.0,,,
"{'horEstacao': 111639090, 'horDataHora': '2023-05-26T10:00:00.000+0000'}",50496600,50496600,50496600,,AÇUDE ARACI MONTANTE (OLARIA DO CAPISTANA),-11.2714,-39.1647,,2024-02-09T15:23:11.640+0000,5,"5 - Atlântico, Trecho Leste","50 - RIOS VAZA-BARRIS,ITAPICURU E .",RIO ITAPICURU,BAHIA,ARACI,50,50500000,16,16021000,114,114,2020-12-28T10:00:00.000+0000,2024-04-03T20:00:00.000+0000,INEMA-BA,INEMA-BA,Fluviométrica,1,111639090 - AÇUDE ARACI MONTANTE (OLARIA DO CAPISTANA),,False,False,False,S 11° 16' 17.04'',W 39° 9' 52.92'',28/12/2020 à 03/04/2024,,,6.0,,,
"{'horEstacao': 111639090, 'horDataHora': '2023-05-26T20:00:00.000+0000'}",50496600,50496600,50496600,,AÇUDE ARACI MONTANTE (OLARIA DO CAPISTANA),-11.2714,-39.1647,,2024-02-09T15:23:11.640+0000,5,"5 - Atlântico, Trecho Leste","50 - RIOS VAZA-BARRIS,ITAPICURU E .",RIO ITAPICURU,BAHIA,ARACI,50,50500000,16,16021000,114,114,2020-12-28T10:00:00.000+0000,2024-04-03T20:00:00.000+0000,INEMA-BA,INEMA-BA,Fluviométrica,1,111639090 - AÇUDE ARACI MONTANTE (OLARIA DO CAPISTANA),,False,False,False,S 11° 16' 17.04'',W 39° 9' 52.92'',28/12/2020 à 03/04/2024,,,6.0,,,
"{'horEstacao': 111639090, 'horDataHora': '2023-05-27T10:00:00.000+0000'}",50496600,50496600,50496600,,AÇUDE ARACI MONTANTE (OLARIA DO CAPISTANA),-11.2714,-39.1647,,2024-02-09T15:23:11.640+0000,5,"5 - Atlântico, Trecho Leste","50 - RIOS VAZA-BARRIS,ITAPICURU E .",RIO ITAPICURU,BAHIA,ARACI,50,50500000,16,16021000,114,114,2020-12-28T10:00:00.000+0000,2024-04-03T20:00:00.000+0000,INEMA-BA,INEMA-BA,Fluviométrica,1,111639090 - AÇUDE ARACI MONTANTE (OLARIA DO CAPISTANA),,False,False,False,S 11° 16' 17.04'',W 39° 9' 52.92'',28/12/2020 à 03/04/2024,,,6.0,,,
"{'horEstacao': 111639090, 'horDataHora': '2023-05-27T20:00:00.000+0000'}",50496600,50496600,50496600,,AÇUDE ARACI MONTANTE (OLARIA DO CAPISTANA),-11.2714,-39.1647,,2024-02-09T15:23:11.640+0000,5,"5 - Atlântico, Trecho Leste","50 - RIOS VAZA-BARRIS,ITAPICURU E .",RIO ITAPICURU,BAHIA,ARACI,50,50500000,16,16021000,114,114,2020-12-28T10:00:00.000+0000,2024-04-03T20:00:00.000+0000,INEMA-BA,INEMA-BA,Fluviométrica,1,111639090 - AÇUDE ARACI MONTANTE (OLARIA DO CAPISTANA),,False,False,False,S 11° 16' 17.04'',W 39° 9' 52.92'',28/12/2020 à 03/04/2024,,,6.0,,,
"{'horEstacao': 111639090, 'horDataHora': '2023-05-28T10:00:00.000+0000'}",50496600,50496600,50496600,,AÇUDE ARACI MONTANTE (OLARIA DO CAPISTANA),-11.2714,-39.1647,,2024-02-09T15:23:11.640+0000,5,"5 - Atlântico, Trecho Leste","50 - RIOS VAZA-BARRIS,ITAPICURU E .",RIO ITAPICURU,BAHIA,ARACI,50,50500000,16,16021000,114,114,2020-12-28T10:00:00.000+0000,2024-04-03T20:00:00.000+0000,INEMA-BA,INEMA-BA,Fluviométrica,1,111639090 - AÇUDE ARACI MONTANTE (OLARIA DO CAPISTANA),,False,False,False,S 11° 16' 17.04'',W 39° 9' 52.92'',28/12/2020 à 03/04/2024,,,6.0,,,
"{'horEstacao': 111639090, 'horDataHora': '2023-05-28T20:00:00.000+0000'}",50496600,50496600,50496600,,AÇUDE ARACI MONTANTE (OLARIA DO CAPISTANA),-11.2714,-39.1647,,2024-02-09T15:23:11.640+0000,5,"5 - Atlântico, Trecho Leste","50 - RIOS VAZA-BARRIS,ITAPICURU E .",RIO ITAPICURU,BAHIA,ARACI,50,50500000,16,16021000,114,114,2020-12-28T10:00:00.000+0000,2024-04-03T20:00:00.000+0000,INEMA-BA,INEMA-BA,Fluviométrica,1,111639090 - AÇUDE ARACI MONTANTE (OLARIA DO CAPISTANA),,False,False,False,S 11° 16' 17.04'',W 39° 9' 52.92'',28/12/2020 à 03/04/2024,,,6.0,,,
"{'horEstacao': 111639090, 'horDataHora': '2023-05-29T10:00:00.000+0000'}",50496600,50496600,50496600,,AÇUDE ARACI MONTANTE (OLARIA DO CAPISTANA),-11.2714,-39.1647,,2024-02-09T15:23:11.640+0000,5,"5 - Atlântico, Trecho Leste","50 - RIOS VAZA-BARRIS,ITAPICURU E .",RIO ITAPICURU,BAHIA,ARACI,50,50500000,16,16021000,114,114,2020-12-28T10:00:00.000+0000,2024-04-03T20:00:00.000+0000,INEMA-BA,INEMA-BA,Fluviométrica,1,111639090 - AÇUDE ARACI MONTANTE (OLARIA DO CAPISTANA),,False,False,False,S 11° 16' 17.04'',W 39° 9' 52.92'',28/12/2020 à 03/04/2024,,,6.0,,,
"{'horEstacao': 111639090, 'horDataHora': '2023-05-29T20:00:00.000+0000'}",50496600,50496600,50496600,,AÇUDE ARACI MONTANTE (OLARIA DO CAPISTANA),-11.2714,-39.1647,,2024-02-09T15:23:11.640+0000,5,"5 - Atlântico, Trecho Leste","50 - RIOS VAZA-BARRIS,ITAPICURU E .",RIO ITAPICURU,BAHIA,ARACI,50,50500000,16,16021000,114,114,2020-12-28T10:00:00.000+0000,2024-04-03T20:00:00.000+0000,INEMA-BA,INEMA-BA,Fluviométrica,1,111639090 - AÇUDE ARACI MONTANTE (OLARIA DO CAPISTANA),,False,False,False,S 11° 16' 17.04'',W 39° 9' 52.92'',28/12/2020 à 03/04/2024,,,6.0,,,
"{'horEstacao': 111639090, 'horDataHora': '2023-05-30T10:00:00.000+0000'}",50496600,50496600,50496600,,AÇUDE ARACI MONTANTE (OLARIA DO CAPISTANA),-11.2714,-39.1647,,2024-02-09T15:23:11.640+0000,5,"5 - Atlântico, Trecho Leste","50 - RIOS VAZA-BARRIS,ITAPICURU E .",RIO ITAPICURU,BAHIA,ARACI,50,50500000,16,16021000,114,114,2020-12-28T10:00:00.000+0000,2024-04-03T20:00:00.000+0000,INEMA-BA,INEMA-BA,Fluviométrica,1,111639090 - AÇUDE ARACI MONTANTE (OLARIA DO CAPISTANA),,False,False,False,S 11° 16' 17.04'',W 39° 9' 52.92'',28/12/2020 à 03/04/2024,,,6.0,,,
"{'horEstacao': 111639090, 'horDataHora': '2023-05-30T20:00:00.000+0000'}",50496600,50496600,50496600,,AÇUDE ARACI MONTANTE (OLARIA DO CAPISTANA),-11.2714,-39.1647,,2024-02-09T15:23:11.640+0000,5,"5 - Atlântico, Trecho Leste","50 - RIOS VAZA-BARRIS,ITAPICURU E .",RIO ITAPICURU,BAHIA,ARACI,50,50500000,16,16021000,114,114,2020-12-28T10:00:00.000+0000,2024-04-03T20:00:00.000+0000,INEMA-BA,INEMA-BA,Fluviométrica,1,111639090 - AÇUDE ARACI MONTANTE (OLARIA DO CAPISTANA),,False,False,False,S 11° 16' 17.04'',W 39° 9' 52.92'',28/12/2020 à 03/04/2024,,,6.0,,,
"{'horEstacao': 111639090, 'horDataHora': '2023-05-31T10:00:00.000+0000'}",50496600,50496600,50496600,,AÇUDE ARACI MONTANTE (OLARIA DO CAPISTANA),-11.2714,-39.1647,,2024-02-09T15:23:11.640+0000,5,"5 - Atlântico, Trecho Leste","50 - RIOS VAZA-BARRIS,ITAPICURU E .",RIO ITAPICURU,BAHIA,ARACI,50,50500000,16,16021000,114,114,2020-12-28T10:00:00.000+0000,2024-04-03T20:00:00.000+0000,INEMA-BA,INEMA-BA,Fluviométrica,1,111639090 - AÇUDE ARACI MONTANTE (OLARIA DO CAPISTANA),,False,False,False,S 11° 16' 17.04'',W 39° 9' 52.92'',28/12/2020 à 03/04/2024,,,6.0,,,
"{'horEstacao': 111639090, 'horDataHora': '2023-05-31T20:00:00.000+0000'}",50496600,50496600,50496600,,AÇUDE ARACI MONTANTE (OLARIA DO CAPISTANA),-11.2714,-39.1647,,2024-02-09T15:23:11.640+0000,5,"5 - Atlântico, Trecho Leste","50 - RIOS VAZA-BARRIS,ITAPICURU E .",RIO ITAPICURU,BAHIA,ARACI,50,50500000,16,16021000,114,114,2020-12-28T10:00:00.000+0000,2024-04-03T20:00:00.000+0000,INEMA-BA,INEMA-BA,Fluviométrica,1,111639090 - AÇUDE ARACI MONTANTE (OLARIA DO CAPISTANA),,False,False,False,S 11° 16' 17.04'',W 39° 9' 52.92'',28/12/2020 à 03/04/2024,,,6.0,,,
"{'horEstacao': 111639090, 'horDataHora': '2023-06-01T10:00:00.000+0000'}",50496600,50496600,50496600,,AÇUDE ARACI MONTANTE (OLARIA DO CAPISTANA),-11.2714,-39.1647,,2024-02-09T15:23:11.640+0000,5,"5 - Atlântico, Trecho Leste","50 - RIOS VAZA-BARRIS,ITAPICURU E .",RIO ITAPICURU,BAHIA,ARACI,50,50500000,16,16021000,114,114,2020-12-28T10:00:00.000+0000,2024-04-03T20:00:00.000+0000,INEMA-BA,INEMA-BA,Fluviométrica,1,111639090 - AÇUDE ARACI MONTANTE (OLARIA DO CAPISTANA),,False,False,False,S 11° 16' 17.04'',W 39° 9' 52.92'',28/12/2020 à 03/04/2024,,,6.0,,,
"{'horEstacao': 111639090, 'horDataHora': '2023-06-01T20:00:00.000+0000'}",50496600,50496600,50496600,,AÇUDE ARACI MONTANTE (OLARIA DO CAPISTANA),-11.2714,-39.1647,,2024-02-09T15:23:11.640+0000,5,"5 - Atlântico, Trecho Leste","50 - RIOS VAZA-BARRIS,ITAPICURU E .",RIO ITAPICURU,BAHIA,ARACI,50,50500000,16,16021000,114,114,2020-12-28T10:00:00.000+0000,2024-04-03T20:00:00.000+0000,INEMA-BA,INEMA-BA,Fluviométrica,1,111639090 - AÇUDE ARACI MONTANTE (OLARIA DO CAPISTANA),,False,False,False,S 11° 16' 17.04'',W 39° 9' 52.92'',28/12/2020 à 03/04/2024,,,6.0,,,
"{'horEstacao': 111639090, 'horDataHora': '2023-06-02T10:00:00.000+0000'}",50496600,50496600,50496600,,AÇUDE ARACI MONTANTE (OLARIA DO CAPISTANA),-11.2714,-39.1647,,2024-02-09T15:23:11.640+0000,5,"5 - Atlântico, Trecho Leste","50 - RIOS VAZA-BARRIS,ITAPICURU E .",RIO ITAPICURU,BAHIA,ARACI,50,50500000,16,16021000,114,114,2020-12-28T10:00:00.000+0000,2024-04-03T20:00:00.000+0000,INEMA-BA,INEMA-BA,Fluviométrica,1,111639090 - AÇUDE ARACI MONTANTE (OLARIA DO CAPISTANA),,False,False,False,S 11° 16' 17.04'',W 39° 9' 52.92'',28/12/2020 à 03/04/2024,,,6.0,,,
"{'horEstacao': 111639090, 'horDataHora': '2023-06-02T20:00:00.000+0000'}",50496600,50496600,50496600,,AÇUDE ARACI MONTANTE (OLARIA DO CAPISTANA),-11.2714,-39.1647,,2024-02-09T15:23:11.640+0000,5,"5 - Atlântico, Trecho Leste","50 - RIOS VAZA-BARRIS,ITAPICURU E .",RIO ITAPICURU,BAHIA,ARACI,50,50500000,16,16021000,114,114,2020-12-28T10:00:00.000+0000,2024-04-03T20:00:00.000+0000,INEMA-BA,INEMA-BA,Fluviométrica,1,111639090 - AÇUDE ARACI MONTANTE (OLARIA DO CAPISTANA),,False,False,False,S 11° 16' 17.04'',W 39° 9' 52.92'',28/12/2020 à 03/04/2024,,,6.0,,,
"{'horEstacao': 111639090, 'horDataHora': '2023-06-03T10:00:00.000+0000'}",50496600,50496600,50496600,,AÇUDE ARACI MONTANTE (OLARIA DO CAPISTANA),-11.2714,-39.1647,,2024-02-09T15:23:11.640+0000,5,"5 - Atlântico, Trecho Leste","50 - RIOS VAZA-BARRIS,ITAPICURU E .",RIO ITAPICURU,BAHIA,ARACI,50,50500000,16,16021000,114,114,2020-12-28T10:00:00.000+0000,2024-04-03T20:00:00.000+0000,INEMA-BA,INEMA-BA,Fluviométrica,1,111639090 - AÇUDE ARACI MONTANTE (OLARIA DO CAPISTANA),,False,False,False,S 11° 16' 17.04'',W 39° 9' 52.92'',28/12/2020 à 03/04/2024,,,6.0,,,
"{'horEstacao': 111639090, 'horDataHora': '2023-06-03T20:00:00.000+0000'}",50496600,50496600,50496600,,AÇUDE ARACI MONTANTE (OLARIA DO CAPISTANA),-11.2714,-39.1647,,2024-02-09T15:23:11.640+0000,5,"5 - Atlântico, Trecho Leste","50 - RIOS VAZA-BARRIS,ITAPICURU E .",RIO ITAPICURU,BAHIA,ARACI,50,50500000,16,16021000,114,114,2020-12-28T10:00:00.000+0000,2024-04-03T20:00:00.000+0000,INEMA-BA,INEMA-BA,Fluviométrica,1,111639090 - AÇUDE ARACI MONTANTE (OLARIA DO CAPISTANA),,False,False,False,S 11° 16' 17.04'',W 39° 9' 52.92'',28/12/2020 à 03/04/2024,,,6.0,,,
"{'horEstacao': 111639090, 'horDataHora': '2023-06-04T10:00:00.000+0000'}",50496600,50496600,50496600,,AÇUDE ARACI MONTANTE (OLARIA DO CAPISTANA),-11.2714,-39.1647,,2024-02-09T15:23:11.640+0000,5,"5 - Atlântico, Trecho Leste","50 - RIOS VAZA-BARRIS,ITAPICURU E .",RIO ITAPICURU,BAHIA,ARACI,50,50500000,16,16021000,114,114,2020-12-28T10:00:00.000+0000,2024-04-03T20:00:00.000+0000,INEMA-BA,INEMA-BA,Fluviométrica,1,111639090 - AÇUDE ARACI MONTANTE (OLARIA DO CAPISTANA),,False,False,False,S 11° 16' 17.04'',W 39° 9' 52.92'',28/12/2020 à 03/04/2024,,,6.0,,,
"{'horEstacao': 111639090, 'horDataHora': '2023-06-04T20:00:00.000+0000'}",50496600,50496600,50496600,,AÇUDE ARACI MONTANTE (OLARIA DO CAPISTANA),-11.2714,-39.1647,,2024-02-09T15:23:11.640+0000,5,"5 - Atlântico, Trecho Leste","50 - RIOS VAZA-BARRIS,ITAPICURU E .",RIO ITAPICURU,BAHIA,ARACI,50,50500000,16,16021000,114,114,2020-12-28T10:00:00.000+0000,2024-04-03T20:00:00.000+0000,INEMA-BA,INEMA-BA,Fluviométrica,1,111639090 - AÇUDE ARACI MONTANTE (OLARIA DO CAPISTANA),,False,False,False,S 11° 16' 17.04'',W 39° 9' 52.92'',28/12/2020 à 03/04/2024,,,6.0,,,
"{'horEstacao': 111639090, 'horDataHora': '2023-06-05T10:00:00.000+0000'}",50496600,50496600,50496600,,AÇUDE ARACI MONTANTE (OLARIA DO CAPISTANA),-11.2714,-39.1647,,2024-02-09T15:23:11.640+0000,5,"5 - Atlântico, Trecho Leste","50 - RIOS VAZA-BARRIS,ITAPICURU E .",RIO ITAPICURU,BAHIA,ARACI,50,50500000,16,16021000,114,114,2020-12-28T10:00:00.000+0000,2024-04-03T20:00:00.000+0000,INEMA-BA,INEMA-BA,Fluviométrica,1,111639090 - AÇUDE ARACI MONTANTE (OLARIA DO CAPISTANA),,False,False,False,S 11° 16' 17.04'',W 39° 9' 52.92'',28/12/2020 à 03/04/2024,,,6.0,,,
"{'horEstacao': 111639090, 'horDataHora': '2023-06-05T20:00:00.000+0000'}",50496600,50496600,50496600,,AÇUDE ARACI MONTANTE (OLARIA DO CAPISTANA),-11.2714,-39.1647,,2024-02-09T15:23:11.640+0000,5,"5 - Atlântico, Trecho Leste","50 - RIOS VAZA-BARRIS,ITAPICURU E .",RIO ITAPICURU,BAHIA,ARACI,50,50500000,16,16021000,114,114,2020-12-28T10:00:00.000+0000,2024-04-03T20:00:00.000+0000,INEMA-BA,INEMA-BA,Fluviométrica,1,111639090 - AÇUDE ARACI MONTANTE (OLARIA DO CAPISTANA),,False,False,False,S 11° 16' 17.04'',W 39° 9' 52.92'',28/12/2020 à 03/04/2024,,,6.0,,,
"{'horEstacao': 111639090, 'horDataHora': '2023-06-06T10:00:00.000+0000'}",50496600,50496600,50496600,,AÇUDE ARACI MONTANTE (OLARIA DO CAPISTANA),-11.2714,-39.1647,,2024-02-09T15:23:11.640+0000,5,"5 - Atlântico, Trecho Leste","50 - RIOS VAZA-BARRIS,ITAPICURU E .",RIO ITAPICURU,BAHIA,ARACI,50,50500000,16,16021000,114,114,2020-12-28T10:00:00.000+0000,2024-04-03T20:00:00.000+0000,INEMA-BA,INEMA-BA,Fluviométrica,1,111639090 - AÇUDE ARACI MONTANTE (OLARIA DO CAPISTANA),,False,False,False,S 11° 16' 17.04'',W 39° 9' 52.92'',28/12/2020 à 03/04/2024,,,6.0,,,
"{'horEstacao': 111639090, 'horDataHora': '2023-06-06T20:00:00.000+0000'}",50496600,50496600,50496600,,AÇUDE ARACI MONTANTE (OLARIA DO CAPISTANA),-11.2714,-39.1647,,2024-02-09T15:23:11.640+0000,5,"5 - Atlântico, Trecho Leste","50 - RIOS VAZA-BARRIS,ITAPICURU E .",RIO ITAPICURU,BAHIA,ARACI,50,50500000,16,16021000,114,114,2020-12-28T10:00:00.000+0000,2024-04-03T20:00:00.000+0000,INEMA-BA,INEMA-BA,Fluviométrica,1,111639090 - AÇUDE ARACI MONTANTE (OLARIA DO CAPISTANA),,False,False,False,S 11° 16' 17.04'',W 39° 9' 52.92'',28/12/2020 à 03/04/2024,,,6.0,,,
"{'horEstacao': 111639090, 'horDataHora': '2023-06-07T10:00:00.000+0000'}",50496600,50496600,50496600,,AÇUDE ARACI MONTANTE (OLARIA DO CAPISTANA),-11.2714,-39.1647,,2024-02-09T15:23:11.640+0000,5,"5 - Atlântico, Trecho Leste","50 - RIOS VAZA-BARRIS,ITAPICURU E .",RIO ITAPICURU,BAHIA,ARACI,50,50500000,16,16021000,114,114,2020-12-28T10:00:00.000+0000,2024-04-03T20:00:00.000+0000,INEMA-BA,INEMA-BA,Fluviométrica,1,111639090 - AÇUDE ARACI MONTANTE (OLARIA DO CAPISTANA),,False,False,False,S 11° 16' 17.04'',W 39° 9' 52.92'',28/12/2020 à 03/04/2024,,,6.0,,,
"{'horEstacao': 111639090, 'horDataHora': '2023-06-07T20:00:00.000+0000'}",50496600,50496600,50496600,,AÇUDE ARACI MONTANTE (OLARIA DO CAPISTANA),-11.2714,-39.1647,,2024-02-09T15:23:11.640+0000,5,"5 - Atlântico, Trecho Leste","50 - RIOS VAZA-BARRIS,ITAPICURU E .",RIO ITAPICURU,BAHIA,ARACI,50,50500000,16,16021000,114,114,2020-12-28T10:00:00.000+0000,2024-04-03T20:00:00.000+0000,INEMA-BA,INEMA-BA,Fluviométrica,1,111639090 - AÇUDE ARACI MONTANTE (OLARIA DO CAPISTANA),,False,False,False,S 11° 16' 17.04'',W 39° 9' 52.92'',28/12/2020 à 03/04/2024,,,6.0,,,
"{'horEstacao': 111639090, 'horDataHora': '2023-06-08T10:00:00.000+0000'}",50496600,50496600,50496600,,AÇUDE ARACI MONTANTE (OLARIA DO CAPISTANA),-11.2714,-39.1647,,2024-02-09T15:23:11.640+0000,5,"5 - Atlântico, Trecho Leste","50 - RIOS VAZA-BARRIS,ITAPICURU E .",RIO ITAPICURU,BAHIA,ARACI,50,50500000,16,16021000,114,114,2020-12-28T10:00:00.000+0000,2024-04-03T20:00:00.000+0000,INEMA-BA,INEMA-BA,Fluviométrica,1,111639090 - AÇUDE ARACI MONTANTE (OLARIA DO CAPISTANA),,False,False,False,S 11° 16' 17.04'',W 39° 9' 52.92'',28/12/2020 à 03/04/2024,,,6.0,,,
"{'horEstacao': 111639090, 'horDataHora': '2023-06-08T20:00:00.000+0000'}",50496600,50496600,50496600,,AÇUDE ARACI MONTANTE (OLARIA DO CAPISTANA),-11.2714,-39.1647,,2024-02-09T15:23:11.640+0000,5,"5 - Atlântico, Trecho Leste","50 - RIOS VAZA-BARRIS,ITAPICURU E .",RIO ITAPICURU,BAHIA,ARACI,50,50500000,16,16021000,114,114,2020-12-28T10:00:00.000+0000,2024-04-03T20:00:00.000+0000,INEMA-BA,INEMA-BA,Fluviométrica,1,111639090 - AÇUDE ARACI MONTANTE (OLARIA DO CAPISTANA),,False,False,False,S 11° 16' 17.04'',W 39° 9' 52.92'',28/12/2020 à 03/04/2024,,,6.0,,,
"{'horEstacao': 111639090, 'horDataHora': '2023-06-09T10:00:00.000+0000'}",50496600,50496600,50496600,,AÇUDE ARACI MONTANTE (OLARIA DO CAPISTANA),-11.2714,-39.1647,,2024-02-09T15:23:11.640+0000,5,"5 - Atlântico, Trecho Leste","50 - RIOS VAZA-BARRIS,ITAPICURU E .",RIO ITAPICURU,BAHIA,ARACI,50,50500000,16,16021000,114,114,2020-12-28T10:00:00.000+0000,2024-04-03T20:00:00.000+0000,INEMA-BA,INEMA-BA,Fluviométrica,1,111639090 - AÇUDE ARACI MONTANTE (OLARIA DO CAPISTANA),,False,False,False,S 11° 16' 17.04'',W 39° 9' 52.92'',28/12/2020 à 03/04/2024,,,6.0,,,
"{'horEstacao': 111639090, 'horDataHora': '2023-06-09T20:00:00.000+0000'}",50496600,50496600,50496600,,AÇUDE ARACI MONTANTE (OLARIA DO CAPISTANA),-11.2714,-39.1647,,2024-02-09T15:23:11.640+0000,5,"5 - Atlântico, Trecho Leste","50 - RIOS VAZA-BARRIS,ITAPICURU E .",RIO ITAPICURU,BAHIA,ARACI,50,50500000,16,16021000,114,114,2020-12-28T10:00:00.000+0000,2024-04-03T20:00:00.000+0000,INEMA-BA,INEMA-BA,Fluviométrica,1,111639090 - AÇUDE ARACI MONTANTE (OLARIA DO CAPISTANA),,False,False,False,S 11° 16' 17.04'',W 39° 9' 52.92'',28/12/2020 à 03/04/2024,,,6.0,,,
"{'horEstacao': 111639090, 'horDataHora': '2023-06-10T10:00:00.000+0000'}",50496600,50496600,50496600,,AÇUDE ARACI MONTANTE (OLARIA DO CAPISTANA),-11.2714,-39.1647,,2024-02-09T15:23:11.640+0000,5,"5 - Atlântico, Trecho Leste","50 - RIOS VAZA-BARRIS,ITAPICURU E .",RIO ITAPICURU,BAHIA,ARACI,50,50500000,16,16021000,114,114,2020-12-28T10:00:00.000+0000,2024-04-03T20:00:00.000+0000,INEMA-BA,INEMA-BA,Fluviométrica,1,111639090 - AÇUDE ARACI MONTANTE (OLARIA DO CAPISTANA),,False,False,False,S 11° 16' 17.04'',W 39° 9' 52.92'',28/12/2020 à 03/04/2024,,,6.0,,,
"{'horEstacao': 111639090, 'horDataHora': '2023-06-10T20:00:00.000+0000'}",50496600,50496600,50496600,,AÇUDE ARACI MONTANTE (OLARIA DO CAPISTANA),-11.2714,-39.1647,,2024-02-09T15:23:11.640+0000,5,"5 - Atlântico, Trecho Leste","50 - RIOS VAZA-BARRIS,ITAPICURU E .",RIO ITAPICURU,BAHIA,ARACI,50,50500000,16,16021000,114,114,2020-12-28T10:00:00.000+0000,2024-04-03T20:00:00.000+0000,INEMA-BA,INEMA-BA,Fluviométrica,1,111639090 - AÇUDE ARACI MONTANTE (OLARIA DO CAPISTANA),,False,False,False,S 11° 16' 17.04'',W 39° 9' 52.92'',28/12/2020 à 03/04/2024,,,6.0,,,
"{'horEstacao': 111639090, 'horDataHora': '2023-06-11T10:00:00.000+0000'}",50496600,50496600,50496600,,AÇUDE ARACI MONTANTE (OLARIA DO CAPISTANA),-11.2714,-39.1647,,2024-02-09T15:23:11.640+0000,5,"5 - Atlântico, Trecho Leste","50 - RIOS VAZA-BARRIS,ITAPICURU E .",RIO ITAPICURU,BAHIA,ARACI,50,50500000,16,16021000,114,114,2020-12-28T10:00:00.000+0000,2024-04-03T20:00:00.000+0000,INEMA-BA,INEMA-BA,Fluviométrica,1,111639090 - AÇUDE ARACI MONTANTE (OLARIA DO CAPISTANA),,False,False,False,S 11° 16' 17.04'',W 39° 9' 52.92'',28/12/2020 à 03/04/2024,,,6.0,,,
"{'horEstacao': 111639090, 'horDataHora': '2023-06-11T20:00:00.000+0000'}",50496600,50496600,50496600,,AÇUDE ARACI MONTANTE (OLARIA DO CAPISTANA),-11.2714,-39.1647,,2024-02-09T15:23:11.640+0000,5,"5 - Atlântico, Trecho Leste","50 - RIOS VAZA-BARRIS,ITAPICURU E .",RIO ITAPICURU,BAHIA,ARACI,50,50500000,16,16021000,114,114,2020-12-28T10:00:00.000+0000,2024-04-03T20:00:00.000+0000,INEMA-BA,INEMA-BA,Fluviométrica,1,111639090 - AÇUDE ARACI MONTANTE (OLARIA DO CAPISTANA),,False,False,False,S 11° 16' 17.04'',W 39° 9' 52.92'',28/12/2020 à 03/04/2024,,,6.0,,,
"{'horEstacao': 111639090, 'horDataHora': '2023-06-12T10:00:00.000+0000'}",50496600,50496600,50496600,,AÇUDE ARACI MONTANTE (OLARIA DO CAPISTANA),-11.2714,-39.1647,,2024-02-09T15:23:11.640+0000,5,"5 - Atlântico, Trecho Leste","50 - RIOS VAZA-BARRIS,ITAPICURU E .",RIO ITAPICURU,BAHIA,ARACI,50,50500000,16,16021000,114,114,2020-12-28T10:00:00.000+0000,2024-04-03T20:00:00.000+0000,INEMA-BA,INEMA-BA,Fluviométrica,1,111639090 - AÇUDE ARACI MONTANTE (OLARIA DO CAPISTANA),,False,False,False,S 11° 16' 17.04'',W 39° 9' 52.92'',28/12/2020 à 03/04/2024,,,6.0,,,
"{'horEstacao': 111639090, 'horDataHora': '2023-06-12T20:00:00.000+0000'}",50496600,50496600,50496600,,AÇUDE ARACI MONTANTE (OLARIA DO CAPISTANA),-11.2714,-39.1647,,2024-02-09T15:23:11.640+0000,5,"5 - Atlântico, Trecho Leste","50 - RIOS VAZA-BARRIS,ITAPICURU E .",RIO ITAPICURU,BAHIA,ARACI,50,50500000,16,16021000,114,114,2020-12-28T10:00:00.000+0000,2024-04-03T20:00:00.000+0000,INEMA-BA,INEMA-BA,Fluviométrica,1,111639090 - AÇUDE ARACI MONTANTE (OLARIA DO CAPISTANA),,False,False,False,S 11° 16' 17.04'',W 39° 9' 52.92'',28/12/2020 à 03/04/2024,,,6.0,,,
"{'horEstacao': 111639090, 'horDataHora': '2023-07-01T10:00:00.000+0000'}",50496600,50496600,50496600,,AÇUDE ARACI MONTANTE (OLARIA DO CAPISTANA),-11.2714,-39.1647,,2024-02-09T15:23:11.640+0000,5,"5 - Atlântico, Trecho Leste","50 - RIOS VAZA-BARRIS,ITAPICURU E .",RIO ITAPICURU,BAHIA,ARACI,50,50500000,16,16021000,114,114,2020-12-28T10:00:00.000+0000,2024-04-03T20:00:00.000+0000,INEMA-BA,INEMA-BA,Fluviométrica,1,111639090 - AÇUDE ARACI MONTANTE (OLARIA DO CAPISTANA),,False,False,False,S 11° 16' 17.04'',W 39° 9' 52.92'',28/12/2020 à 03/04/2024,,,6.0,,,
"{'horEstacao': 111639090, 'horDataHora': '2023-07-01T20:00:00.000+0000'}",50496600,50496600,50496600,,AÇUDE ARACI MONTANTE (OLARIA DO CAPISTANA),-11.2714,-39.1647,,2024-02-09T15:23:11.640+0000,5,"5 - Atlântico, Trecho Leste","50 - RIOS VAZA-BARRIS,ITAPICURU E .",RIO ITAPICURU,BAHIA,ARACI,50,50500000,16,16021000,114,114,2020-12-28T10:00:00.000+0000,2024-04-03T20:00:00.000+0000,INEMA-BA,INEMA-BA,Fluviométrica,1,111639090 - AÇUDE ARACI MONTANTE (OLARIA DO CAPISTANA),,False,False,False,S 11° 16' 17.04'',W 39° 9' 52.92'',28/12/2020 à 03/04/2024,,,6.0,,,
"{'horEstacao': 111639090, 'horDataHora': '2023-07-02T10:00:00.000+0000'}",50496600,50496600,50496600,,AÇUDE ARACI MONTANTE (OLARIA DO CAPISTANA),-11.2714,-39.1647,,2024-02-09T15:23:11.640+0000,5,"5 - Atlântico, Trecho Leste","50 - RIOS VAZA-BARRIS,ITAPICURU E .",RIO ITAPICURU,BAHIA,ARACI,50,50500000,16,16021000,114,114,2020-12-28T10:00:00.000+0000,2024-04-03T20:00:00.000+0000,INEMA-BA,INEMA-BA,Fluviométrica,1,111639090 - AÇUDE ARACI MONTANTE (OLARIA DO CAPISTANA),,False,False,False,S 11° 16' 17.04'',W 39° 9' 52.92'',28/12/2020 à 03/04/2024,,,6.0,,,
"{'horEstacao': 111639090, 'horDataHora': '2023-07-02T20:00:00.000+0000'}",50496600,50496600,50496600,,AÇUDE ARACI MONTANTE (OLARIA DO CAPISTANA),-11.2714,-39.1647,,2024-02-09T15:23:11.640+0000,5,"5 - Atlântico, Trecho Leste","50 - RIOS VAZA-BARRIS,ITAPICURU E .",RIO ITAPICURU,BAHIA,ARACI,50,50500000,16,16021000,114,114,2020-12-28T10:00:00.000+0000,2024-04-03T20:00:00.000+0000,INEMA-BA,INEMA-BA,Fluviométrica,1,111639090 - AÇUDE ARACI MONTANTE (OLARIA DO CAPISTANA),,False,False,False,S 11° 16' 17.04'',W 39° 9' 52.92'',28/12/2020 à 03/04/2024,,,6.0,,,
"{'horEstacao': 111639090, 'horDataHora': '2023-07-03T10:00:00.000+0000'}",50496600,50496600,50496600,,AÇUDE ARACI MONTANTE (OLARIA DO CAPISTANA),-11.2714,-39.1647,,2024-02-09T15:23:11.640+0000,5,"5 - Atlântico, Trecho Leste","50 - RIOS VAZA-BARRIS,ITAPICURU E .",RIO ITAPICURU,BAHIA,ARACI,50,50500000,16,16021000,114,114,2020-12-28T10:00:00.000+0000,2024-04-03T20:00:00.000+0000,INEMA-BA,INEMA-BA,Fluviométrica,1,111639090 - AÇUDE ARACI MONTANTE (OLARIA DO CAPISTANA),,False,False,False,S 11° 16' 17.04'',W 39° 9' 52.92'',28/12/2020 à 03/04/2024,,,6.0,,,
"{'horEstacao': 111639090, 'horDataHora': '2023-07-03T20:00:00.000+0000'}",50496600,50496600,50496600,,AÇUDE ARACI MONTANTE (OLARIA DO CAPISTANA),-11.2714,-39.1647,,2024-02-09T15:23:11.640+0000,5,"5 - Atlântico, Trecho Leste","50 - RIOS VAZA-BARRIS,ITAPICURU E .",RIO ITAPICURU,BAHIA,ARACI,50,50500000,16,16021000,114,114,2020-12-28T10:00:00.000+0000,2024-04-03T20:00:00.000+0000,INEMA-BA,INEMA-BA,Fluviométrica,1,111639090 - AÇUDE ARACI MONTANTE (OLARIA DO CAPISTANA),,False,False,False,S 11° 16' 17.04'',W 39° 9' 52.92'',28/12/2020 à 03/04/2024,,,6.0,,,
"{'horEstacao': 111639090, 'horDataHora': '2023-07-04T10:00:00.000+0000'}",50496600,50496600,50496600,,AÇUDE ARACI MONTANTE (OLARIA DO CAPISTANA),-11.2714,-39.1647,,2024-02-09T15:23:11.640+0000,5,"5 - Atlântico, Trecho Leste","50 - RIOS VAZA-BARRIS,ITAPICURU E .",RIO ITAPICURU,BAHIA,ARACI,50,50500000,16,16021000,114,114,2020-12-28T10:00:00.000+0000,2024-04-03T20:00:00.000+0000,INEMA-BA,INEMA-BA,Fluviométrica,1,111639090 - AÇUDE ARACI MONTANTE (OLARIA DO CAPISTANA),,False,False,False,S 11° 16' 17.04'',W 39° 9' 52.92'',28/12/2020 à 03/04/2024,,,6.0,,,
"{'horEstacao': 111639090, 'horDataHora': '2023-07-04T20:00:00.000+0000'}",50496600,50496600,50496600,,AÇUDE ARACI MONTANTE (OLARIA DO CAPISTANA),-11.2714,-39.1647,,2024-02-09T15:23:11.640+0000,5,"5 - Atlântico, Trecho Leste","50 - RIOS VAZA-BARRIS,ITAPICURU E .",RIO ITAPICURU,BAHIA,ARACI,50,50500000,16,16021000,114,114,2020-12-28T10:00:00.000+0000,2024-04-03T20:00:00.000+0000,INEMA-BA,INEMA-BA,Fluviométrica,1,111639090 - AÇUDE ARACI MONTANTE (OLARIA DO CAPISTANA),,False,False,False,S 11° 16' 17.04'',W 39° 9' 52.92'',28/12/2020 à 03/04/2024,,,6.0,,,
"{'horEstacao': 111639090, 'horDataHora': '2023-07-05T10:00:00.000+0000'}",50496600,50496600,50496600,,AÇUDE ARACI MONTANTE (OLARIA DO CAPISTANA),-11.2714,-39.1647,,2024-02-09T15:23:11.640+0000,5,"5 - Atlântico, Trecho Leste","50 - RIOS VAZA-BARRIS,ITAPICURU E .",RIO ITAPICURU,BAHIA,ARACI,50,50500000,16,16021000,114,114,2020-12-28T10:00:00.000+0000,2024-04-03T20:00:00.000+0000,INEMA-BA,INEMA-BA,Fluviométrica,1,111639090 - AÇUDE ARACI MONTANTE (OLARIA DO CAPISTANA),,False,False,False,S 11° 16' 17.04'',W 39° 9' 52.92'',28/12/2020 à 03/04/2024,,,6.0,,,
"{'horEstacao': 111639090, 'horDataHora': '2023-07-05T20:00:00.000+0000'}",50496600,50496600,50496600,,AÇUDE ARACI MONTANTE (OLARIA DO CAPISTANA),-11.2714,-39.1647,,2024-02-09T15:23:11.640+0000,5,"5 - Atlântico, Trecho Leste","50 - RIOS VAZA-BARRIS,ITAPICURU E .",RIO ITAPICURU,BAHIA,ARACI,50,50500000,16,16021000,114,114,2020-12-28T10:00:00.000+0000,2024-04-03T20:00:00.000+0000,INEMA-BA,INEMA-BA,Fluviométrica,1,111639090 - AÇUDE ARACI MONTANTE (OLARIA DO CAPISTANA),,False,False,False,S 11° 16' 17.04'',W 39° 9' 52.92'',28/12/2020 à 03/04/2024,,,6.0,,,
"{'horEstacao': 111639090, 'horDataHora': '2023-07-06T10:00:00.000+0000'}",50496600,50496600,50496600,,AÇUDE ARACI MONTANTE (OLARIA DO CAPISTANA),-11.2714,-39.1647,,2024-02-09T15:23:11.640+0000,5,"5 - Atlântico, Trecho Leste","50 - RIOS VAZA-BARRIS,ITAPICURU E .",RIO ITAPICURU,BAHIA,ARACI,50,50500000,16,16021000,114,114,2020-12-28T10:00:00.000+0000,2024-04-03T20:00:00.000+0000,INEMA-BA,INEMA-BA,Fluviométrica,1,111639090 - AÇUDE ARACI MONTANTE (OLARIA DO CAPISTANA),,False,False,False,S 11° 16' 17.04'',W 39° 9' 52.92'',28/12/2020 à 03/04/2024,,,6.0,,,
"{'horEstacao': 111639090, 'horDataHora': '2023-07-06T20:00:00.000+0000'}",50496600,50496600,50496600,,AÇUDE ARACI MONTANTE (OLARIA DO CAPISTANA),-11.2714,-39.1647,,2024-02-09T15:23:11.640+0000,5,"5 - Atlântico, Trecho Leste","50 - RIOS VAZA-BARRIS,ITAPICURU E .",RIO ITAPICURU,BAHIA,ARACI,50,50500000,16,16021000,114,114,2020-12-28T10:00:00.000+0000,2024-04-03T20:00:00.000+0000,INEMA-BA,INEMA-BA,Fluviométrica,1,111639090 - AÇUDE ARACI MONTANTE (OLARIA DO CAPISTANA),,False,False,False,S 11° 16' 17.04'',W 39° 9' 52.92'',28/12/2020 à 03/04/2024,,,6.0,,,
"{'horEstacao': 111639090, 'horDataHora': '2023-07-07T10:00:00.000+0000'}",50496600,50496600,50496600,,AÇUDE ARACI MONTANTE (OLARIA DO CAPISTANA),-11.2714,-39.1647,,2024-02-09T15:23:11.640+0000,5,"5 - Atlântico, Trecho Leste","50 - RIOS VAZA-BARRIS,ITAPICURU E .",RIO ITAPICURU,BAHIA,ARACI,50,50500000,16,16021000,114,114,2020-12-28T10:00:00.000+0000,2024-04-03T20:00:00.000+0000,INEMA-BA,INEMA-BA,Fluviométrica,1,111639090 - AÇUDE ARACI MONTANTE (OLARIA DO CAPISTANA),,False,False,False,S 11° 16' 17.04'',W 39° 9' 52.92'',28/12/2020 à 03/04/2024,,,6.0,,,
"{'horEstacao': 111639090, 'horDataHora': '2023-07-07T20:00:00.000+0000'}",50496600,50496600,50496600,,AÇUDE ARACI MONTANTE (OLARIA DO CAPISTANA),-11.2714,-39.1647,,2024-02-09T15:23:11.640+0000,5,"5 - Atlântico, Trecho Leste","50 - RIOS VAZA-BARRIS,ITAPICURU E .",RIO ITAPICURU,BAHIA,ARACI,50,50500000,16,16021000,114,114,2020-12-28T10:00:00.000+0000,2024-04-03T20:00:00.000+0000,INEMA-BA,INEMA-BA,Fluviométrica,1,111639090 - AÇUDE ARACI MONTANTE (OLARIA DO CAPISTANA),,False,False,False,S 11° 16' 17.04'',W 39° 9' 52.92'',28/12/2020 à 03/04/2024,,,6.0,,,
"{'horEstacao': 111639090, 'horDataHora': '2023-07-08T10:00:00.000+0000'}",50496600,50496600,50496600,,AÇUDE ARACI MONTANTE (OLARIA DO CAPISTANA),-11.2714,-39.1647,,2024-02-09T15:23:11.640+0000,5,"5 - Atlântico, Trecho Leste","50 - RIOS VAZA-BARRIS,ITAPICURU E .",RIO ITAPICURU,BAHIA,ARACI,50,50500000,16,16021000,114,114,2020-12-28T10:00:00.000+0000,2024-04-03T20:00:00.000+0000,INEMA-BA,INEMA-BA,Fluviométrica,1,111639090 - AÇUDE ARACI MONTANTE (OLARIA DO CAPISTANA),,False,False,False,S 11° 16' 17.04'',W 39° 9' 52.92'',28/12/2020 à 03/04/2024,,,6.0,,,
"{'horEstacao': 111639090, 'horDataHora': '2023-07-08T20:00:00.000+0000'}",50496600,50496600,50496600,,AÇUDE ARACI MONTANTE (OLARIA DO CAPISTANA),-11.2714,-39.1647,,2024-02-09T15:23:11.640+0000,5,"5 - Atlântico, Trecho Leste","50 - RIOS VAZA-BARRIS,ITAPICURU E .",RIO ITAPICURU,BAHIA,ARACI,50,50500000,16,16021000,114,114,2020-12-28T10:00:00.000+0000,2024-04-03T20:00:00.000+0000,INEMA-BA,INEMA-BA,Fluviométrica,1,111639090 - AÇUDE ARACI MONTANTE (OLARIA DO CAPISTANA),,False,False,False,S 11° 16' 17.04'',W 39° 9' 52.92'',28/12/2020 à 03/04/2024,,,6.0,,,
"{'horEstacao': 111639090, 'horDataHora': '2023-07-09T10:00:00.000+0000'}",50496600,50496600,50496600,,AÇUDE ARACI MONTANTE (OLARIA DO CAPISTANA),-11.2714,-39.1647,,2024-02-09T15:23:11.640+0000,5,"5 - Atlântico, Trecho Leste","50 - RIOS VAZA-BARRIS,ITAPICURU E .",RIO ITAPICURU,BAHIA,ARACI,50,50500000,16,16021000,114,114,2020-12-28T10:00:00.000+0000,2024-04-03T20:00:00.000+0000,INEMA-BA,INEMA-BA,Fluviométrica,1,111639090 - AÇUDE ARACI MONTANTE (OLARIA DO CAPISTANA),,False,False,False,S 11° 16' 17.04'',W 39° 9' 52.92'',28/12/2020 à 03/04/2024,,,6.0,,,
"{'horEstacao': 111639090, 'horDataHora': '2023-07-09T20:00:00.000+0000'}",50496600,50496600,50496600,,AÇUDE ARACI MONTANTE (OLARIA DO CAPISTANA),-11.2714,-39.1647,,2024-02-09T15:23:11.640+0000,5,"5 - Atlântico, Trecho Leste","50 - RIOS VAZA-BARRIS,ITAPICURU E .",RIO ITAPICURU,BAHIA,ARACI,50,50500000,16,16021000,114,114,2020-12-28T10:00:00.000+0000,2024-04-03T20:00:00.000+0000,INEMA-BA,INEMA-BA,Fluviométrica,1,111639090 - AÇUDE ARACI MONTANTE (OLARIA DO CAPISTANA),,False,False,False,S 11° 16' 17.04'',W 39° 9' 52.92'',28/12/2020 à 03/04/2024,,,6.0,,,
"{'horEstacao': 111639090, 'horDataHora': '2023-07-10T10:00:00.000+0000'}",50496600,50496600,50496600,,AÇUDE ARACI MONTANTE (OLARIA DO CAPISTANA),-11.2714,-39.1647,,2024-02-09T15:23:11.640+0000,5,"5 - Atlântico, Trecho Leste","50 - RIOS VAZA-BARRIS,ITAPICURU E .",RIO ITAPICURU,BAHIA,ARACI,50,50500000,16,16021000,114,114,2020-12-28T10:00:00.000+0000,2024-04-03T20:00:00.000+0000,INEMA-BA,INEMA-BA,Fluviométrica,1,111639090 - AÇUDE ARACI MONTANTE (OLARIA DO CAPISTANA),,False,False,False,S 11° 16' 17.04'',W 39° 9' 52.92'',28/12/2020 à 03/04/2024,,,6.0,,,
"{'horEstacao': 111639090, 'horDataHora': '2023-07-10T20:00:00.000+0000'}",50496600,50496600,50496600,,AÇUDE ARACI MONTANTE (OLARIA DO CAPISTANA),-11.2714,-39.1647,,2024-02-09T15:23:11.640+0000,5,"5 - Atlântico, Trecho Leste","50 - RIOS VAZA-BARRIS,ITAPICURU E .",RIO ITAPICURU,BAHIA,ARACI,50,50500000,16,16021000,114,114,2020-12-28T10:00:00.000+0000,2024-04-03T20:00:00.000+0000,INEMA-BA,INEMA-BA,Fluviométrica,1,111639090 - AÇUDE ARACI MONTANTE (OLARIA DO CAPISTANA),,False,False,False,S 11° 16' 17.04'',W 39° 9' 52.92'',28/12/2020 à 03/04/2024,,,6.0,,,
"{'horEstacao': 111639090, 'horDataHora': '2023-07-11T10:00:00.000+0000'}",50496600,50496600,50496600,,AÇUDE ARACI MONTANTE (OLARIA DO CAPISTANA),-11.2714,-39.1647,,2024-02-09T15:23:11.640+0000,5,"5 - Atlântico, Trecho Leste","50 - RIOS VAZA-BARRIS,ITAPICURU E .",RIO ITAPICURU,BAHIA,ARACI,50,50500000,16,16021000,114,114,2020-12-28T10:00:00.000+0000,2024-04-03T20:00:00.000+0000,INEMA-BA,INEMA-BA,Fluviométrica,1,111639090 - AÇUDE ARACI MONTANTE (OLARIA DO CAPISTANA),,False,False,False,S 11° 16' 17.04'',W 39° 9' 52.92'',28/12/2020 à 03/04/2024,,,6.0,,,
"{'horEstacao': 111639090, 'horDataHora': '2023-07-11T20:00:00.000+0000'}",50496600,50496600,50496600,,AÇUDE ARACI MONTANTE (OLARIA DO CAPISTANA),-11.2714,-39.1647,,2024-02-09T15:23:11.640+0000,5,"5 - Atlântico, Trecho Leste","50 - RIOS VAZA-BARRIS,ITAPICURU E .",RIO ITAPICURU,BAHIA,ARACI,50,50500000,16,16021000,114,114,2020-12-28T10:00:00.000+0000,2024-04-03T20:00:00.000+0000,INEMA-BA,INEMA-BA,Fluviométrica,1,111639090 - AÇUDE ARACI MONTANTE (OLARIA DO CAPISTANA),,False,False,False,S 11° 16' 17.04'',W 39° 9' 52.92'',28/12/2020 à 03/04/2024,,,6.0,,,
"{'horEstacao': 111639090, 'horDataHora': '2023-07-12T10:00:00.000+0000'}",50496600,50496600,50496600,,AÇUDE ARACI MONTANTE (OLARIA DO CAPISTANA),-11.2714,-39.1647,,2024-02-09T15:23:11.640+0000,5,"5 - Atlântico, Trecho Leste","50 - RIOS VAZA-BARRIS,ITAPICURU E .",RIO ITAPICURU,BAHIA,ARACI,50,50500000,16,16021000,114,114,2020-12-28T10:00:00.000+0000,2024-04-03T20:00:00.000+0000,INEMA-BA,INEMA-BA,Fluviométrica,1,111639090 - AÇUDE ARACI MONTANTE (OLARIA DO CAPISTANA),,False,False,False,S 11° 16' 17.04'',W 39° 9' 52.92'',28/12/2020 à 03/04/2024,,,6.0,,,
"{'horEstacao': 111639090, 'horDataHora': '2023-07-12T20:00:00.000+0000'}",50496600,50496600,50496600,,AÇUDE ARACI MONTANTE (OLARIA DO CAPISTANA),-11.2714,-39.1647,,2024-02-09T15:23:11.640+0000,5,"5 - Atlântico, Trecho Leste","50 - RIOS VAZA-BARRIS,ITAPICURU E .",RIO ITAPICURU,BAHIA,ARACI,50,50500000,16,16021000,114,114,2020-12-28T10:00:00.000+0000,2024-04-03T20:00:00.000+0000,INEMA-BA,INEMA-BA,Fluviométrica,1,111639090 - AÇUDE ARACI MONTANTE (OLARIA DO CAPISTANA),,False,False,False,S 11° 16' 17.04'',W 39° 9' 52.92'',28/12/2020 à 03/04/2024,,,6.0,,,
"{'horEstacao': 111639090, 'horDataHora': '2023-07-13T10:00:00.000+0000'}",50496600,50496600,50496600,,AÇUDE ARACI MONTANTE (OLARIA DO CAPISTANA),-11.2714,-39.1647,,2024-02-09T15:23:11.640+0000,5,"5 - Atlântico, Trecho Leste","50 - RIOS VAZA-BARRIS,ITAPICURU E .",RIO ITAPICURU,BAHIA,ARACI,50,50500000,16,16021000,114,114,2020-12-28T10:00:00.000+0000,2024-04-03T20:00:00.000+0000,INEMA-BA,INEMA-BA,Fluviométrica,1,111639090 - AÇUDE ARACI MONTANTE (OLARIA DO CAPISTANA),,False,False,False,S 11° 16' 17.04'',W 39° 9' 52.92'',28/12/2020 à 03/04/2024,,,6.0,,,
"{'horEstacao': 111639090, 'horDataHora': '2023-07-13T20:00:00.000+0000'}",50496600,50496600,50496600,,AÇUDE ARACI MONTANTE (OLARIA DO CAPISTANA),-11.2714,-39.1647,,2024-02-09T15:23:11.640+0000,5,"5 - Atlântico, Trecho Leste","50 - RIOS VAZA-BARRIS,ITAPICURU E .",RIO ITAPICURU,BAHIA,ARACI,50,50500000,16,16021000,114,114,2020-12-28T10:00:00.000+0000,2024-04-03T20:00:00.000+0000,INEMA-BA,INEMA-BA,Fluviométrica,1,111639090 - AÇUDE ARACI MONTANTE (OLARIA DO CAPISTANA),,False,False,False,S 11° 16' 17.04'',W 39° 9' 52.92'',28/12/2020 à 03/04/2024,,,6.0,,,
"{'horEstacao': 111639090, 'horDataHora': '2023-07-14T10:00:00.000+0000'}",50496600,50496600,50496600,,AÇUDE ARACI MONTANTE (OLARIA DO CAPISTANA),-11.2714,-39.1647,,2024-02-09T15:23:11.640+0000,5,"5 - Atlântico, Trecho Leste","50 - RIOS VAZA-BARRIS,ITAPICURU E .",RIO ITAPICURU,BAHIA,ARACI,50,50500000,16,16021000,114,114,2020-12-28T10:00:00.000+0000,2024-04-03T20:00:00.000+0000,INEMA-BA,INEMA-BA,Fluviométrica,1,111639090 - AÇUDE ARACI MONTANTE (OLARIA DO CAPISTANA),,False,False,False,S 11° 16' 17.04'',W 39° 9' 52.92'',28/12/2020 à 03/04/2024,,,6.0,,,
"{'horEstacao': 111639090, 'horDataHora': '2023-07-14T20:00:00.000+0000'}",50496600,50496600,50496600,,AÇUDE ARACI MONTANTE (OLARIA DO CAPISTANA),-11.2714,-39.1647,,2024-02-09T15:23:11.640+0000,5,"5 - Atlântico, Trecho Leste","50 - RIOS VAZA-BARRIS,ITAPICURU E .",RIO ITAPICURU,BAHIA,ARACI,50,50500000,16,16021000,114,114,2020-12-28T10:00:00.000+0000,2024-04-03T20:00:00.000+0000,INEMA-BA,INEMA-BA,Fluviométrica,1,111639090 - AÇUDE ARACI MONTANTE (OLARIA DO CAPISTANA),,False,False,False,S 11° 16' 17.04'',W 39° 9' 52.92'',28/12/2020 à 03/04/2024,,,6.0,,,
"{'horEstacao': 111639090, 'horDataHora': '2023-07-15T10:00:00.000+0000'}",50496600,50496600,50496600,,AÇUDE ARACI MONTANTE (OLARIA DO CAPISTANA),-11.2714,-39.1647,,2024-02-09T15:23:11.640+0000,5,"5 - Atlântico, Trecho Leste","50 - RIOS VAZA-BARRIS,ITAPICURU E .",RIO ITAPICURU,BAHIA,ARACI,50,50500000,16,16021000,114,114,2020-12-28T10:00:00.000+0000,2024-04-03T20:00:00.000+0000,INEMA-BA,INEMA-BA,Fluviométrica,1,111639090 - AÇUDE ARACI MONTANTE (OLARIA DO CAPISTANA),,False,False,False,S 11° 16' 17.04'',W 39° 9' 52.92'',28/12/2020 à 03/04/2024,,,6.0,,,
"{'horEstacao': 111639090, 'horDataHora': '2023-07-15T20:00:00.000+0000'}",50496600,50496600,50496600,,AÇUDE ARACI MONTANTE (OLARIA DO CAPISTANA),-11.2714,-39.1647,,2024-02-09T15:23:11.640+0000,5,"5 - Atlântico, Trecho Leste","50 - RIOS VAZA-BARRIS,ITAPICURU E .",RIO ITAPICURU,BAHIA,ARACI,50,50500000,16,16021000,114,114,2020-12-28T10:00:00.000+0000,2024-04-03T20:00:00.000+0000,INEMA-BA,INEMA-BA,Fluviométrica,1,111639090 - AÇUDE ARACI MONTANTE (OLARIA DO CAPISTANA),,False,False,False,S 11° 16' 17.04'',W 39° 9' 52.92'',28/12/2020 à 03/04/2024,,,6.0,,,
"{'horEstacao': 111639090, 'horDataHora': '2023-07-16T10:00:00.000+0000'}",50496600,50496600,50496600,,AÇUDE ARACI MONTANTE (OLARIA DO CAPISTANA),-11.2714,-39.1647,,2024-02-09T15:23:11.640+0000,5,"5 - Atlântico, Trecho Leste","50 - RIOS VAZA-BARRIS,ITAPICURU E .",RIO ITAPICURU,BAHIA,ARACI,50,50500000,16,16021000,114,114,2020-12-28T10:00:00.000+0000,2024-04-03T20:00:00.000+0000,INEMA-BA,INEMA-BA,Fluviométrica,1,111639090 - AÇUDE ARACI MONTANTE (OLARIA DO CAPISTANA),,False,False,False,S 11° 16' 17.04'',W 39° 9' 52.92'',28/12/2020 à 03/04/2024,,,6.0,,,
"{'horEstacao': 111639090, 'horDataHora': '2023-07-16T20:00:00.000+0000'}",50496600,50496600,50496600,,AÇUDE ARACI MONTANTE (OLARIA DO CAPISTANA),-11.2714,-39.1647,,2024-02-09T15:23:11.640+0000,5,"5 - Atlântico, Trecho Leste","50 - RIOS VAZA-BARRIS,ITAPICURU E .",RIO ITAPICURU,BAHIA,ARACI,50,50500000,16,16021000,114,114,2020-12-28T10:00:00.000+0000,2024-04-03T20:00:00.000+0000,INEMA-BA,INEMA-BA,Fluviométrica,1,111639090 - AÇUDE ARACI MONTANTE (OLARIA DO CAPISTANA),,False,False,False,S 11° 16' 17.04'',W 39° 9' 52.92'',28/12/2020 à 03/04/2024,,,6.0,,,
"{'horEstacao': 111639090, 'horDataHora': '2023-07-17T10:00:00.000+0000'}",50496600,50496600,50496600,,AÇUDE ARACI MONTANTE (OLARIA DO CAPISTANA),-11.2714,-39.1647,,2024-02-09T15:23:11.640+0000,5,"5 - Atlântico, Trecho Leste","50 - RIOS VAZA-BARRIS,ITAPICURU E .",RIO ITAPICURU,BAHIA,ARACI,50,50500000,16,16021000,114,114,2020-12-28T10:00:00.000+0000,2024-04-03T20:00:00.000+0000,INEMA-BA,INEMA-BA,Fluviométrica,1,111639090 - AÇUDE ARACI MONTANTE (OLARIA DO CAPISTANA),,False,False,False,S 11° 16' 17.04'',W 39° 9' 52.92'',28/12/2020 à 03/04/2024,,,6.0,,,
"{'horEstacao': 111639090, 'horDataHora': '2023-07-17T20:00:00.000+0000'}",50496600,50496600,50496600,,AÇUDE ARACI MONTANTE (OLARIA DO CAPISTANA),-11.2714,-39.1647,,2024-02-09T15:23:11.640+0000,5,"5 - Atlântico, Trecho Leste","50 - RIOS VAZA-BARRIS,ITAPICURU E .",RIO ITAPICURU,BAHIA,ARACI,50,50500000,16,16021000,114,114,2020-12-28T10:00:00.000+0000,2024-04-03T20:00:00.000+0000,INEMA-BA,INEMA-BA,Fluviométrica,1,111639090 - AÇUDE ARACI MONTANTE (OLARIA DO CAPISTANA),,False,False,False,S 11° 16' 17.04'',W 39° 9' 52.92'',28/12/2020 à 03/04/2024,,,6.0,,,
"{'horEstacao': 111639090, 'horDataHora': '2023-07-18T10:00:00.000+0000'}",50496600,50496600,50496600,,AÇUDE ARACI MONTANTE (OLARIA DO CAPISTANA),-11.2714,-39.1647,,2024-02-09T15:23:11.640+0000,5,"5 - Atlântico, Trecho Leste","50 - RIOS VAZA-BARRIS,ITAPICURU E .",RIO ITAPICURU,BAHIA,ARACI,50,50500000,16,16021000,114,114,2020-12-28T10:00:00.000+0000,2024-04-03T20:00:00.000+0000,INEMA-BA,INEMA-BA,Fluviométrica,1,111639090 - AÇUDE ARACI MONTANTE (OLARIA DO CAPISTANA),,False,False,False,S 11° 16' 17.04'',W 39° 9' 52.92'',28/12/2020 à 03/04/2024,,,6.0,,,
"{'horEstacao': 111639090, 'horDataHora': '2023-07-18T20:00:00.000+0000'}",50496600,50496600,50496600,,AÇUDE ARACI MONTANTE (OLARIA DO CAPISTANA),-11.2714,-39.1647,,2024-02-09T15:23:11.640+0000,5,"5 - Atlântico, Trecho Leste","50 - RIOS VAZA-BARRIS,ITAPICURU E .",RIO ITAPICURU,BAHIA,ARACI,50,50500000,16,16021000,114,114,2020-12-28T10:00:00.000+0000,2024-04-03T20:00:00.000+0000,INEMA-BA,INEMA-BA,Fluviométrica,1,111639090 - AÇUDE ARACI MONTANTE (OLARIA DO CAPISTANA),,False,False,False,S 11° 16' 17.04'',W 39° 9' 52.92'',28/12/2020 à 03/04/2024,,,6.0,,,
"{'horEstacao': 111639090, 'horDataHora': '2023-07-19T10:00:00.000+0000'}",50496600,50496600,50496600,,AÇUDE ARACI MONTANTE (OLARIA DO CAPISTANA),-11.2714,-39.1647,,2024-02-09T15:23:11.640+0000,5,"5 - Atlântico, Trecho Leste","50 - RIOS VAZA-BARRIS,ITAPICURU E .",RIO ITAPICURU,BAHIA,ARACI,50,50500000,16,16021000,114,114,2020-12-28T10:00:00.000+0000,2024-04-03T20:00:00.000+0000,INEMA-BA,INEMA-BA,Fluviométrica,1,111639090 - AÇUDE ARACI MONTANTE (OLARIA DO CAPISTANA),,False,False,False,S 11° 16' 17.04'',W 39° 9' 52.92'',28/12/2020 à 03/04/2024,,,6.0,,,
"{'horEstacao': 111639090, 'horDataHora': '2023-07-19T20:00:00.000+0000'}",50496600,50496600,50496600,,AÇUDE ARACI MONTANTE (OLARIA DO CAPISTANA),-11.2714,-39.1647,,2024-02-09T15:23:11.640+0000,5,"5 - Atlântico, Trecho Leste","50 - RIOS VAZA-BARRIS,ITAPICURU E .",RIO ITAPICURU,BAHIA,ARACI,50,50500000,16,16021000,114,114,2020-12-28T10:00:00.000+0000,2024-04-03T20:00:00.000+0000,INEMA-BA,INEMA-BA,Fluviométrica,1,111639090 - AÇUDE ARACI MONTANTE (OLARIA DO CAPISTANA),,False,False,False,S 11° 16' 17.04'',W 39° 9' 52.92'',28/12/2020 à 03/04/2024,,,6.0,,,
"{'horEstacao': 111639090, 'horDataHora': '2023-07-20T10:00:00.000+0000'}",50496600,50496600,50496600,,AÇUDE ARACI MONTANTE (OLARIA DO CAPISTANA),-11.2714,-39.1647,,2024-02-09T15:23:11.640+0000,5,"5 - Atlântico, Trecho Leste","50 - RIOS VAZA-BARRIS,ITAPICURU E .",RIO ITAPICURU,BAHIA,ARACI,50,50500000,16,16021000,114,114,2020-12-28T10:00:00.000+0000,2024-04-03T20:00:00.000+0000,INEMA-BA,INEMA-BA,Fluviométrica,1,111639090 - AÇUDE ARACI MONTANTE (OLARIA DO CAPISTANA),,False,False,False,S 11° 16' 17.04'',W 39° 9' 52.92'',28/12/2020 à 03/04/2024,,,6.0,,,
"{'horEstacao': 111639090, 'horDataHora': '2023-07-20T20:00:00.000+0000'}",50496600,50496600,50496600,,AÇUDE ARACI MONTANTE (OLARIA DO CAPISTANA),-11.2714,-39.1647,,2024-02-09T15:23:11.640+0000,5,"5 - Atlântico, Trecho Leste","50 - RIOS VAZA-BARRIS,ITAPICURU E .",RIO ITAPICURU,BAHIA,ARACI,50,50500000,16,16021000,114,114,2020-12-28T10:00:00.000+0000,2024-04-03T20:00:00.000+0000,INEMA-BA,INEMA-BA,Fluviométrica,1,111639090 - AÇUDE ARACI MONTANTE (OLARIA DO CAPISTANA),,False,False,False,S 11° 16' 17.04'',W 39° 9' 52.92'',28/12/2020 à 03/04/2024,,,6.0,,,
"{'horEstacao': 111639090, 'horDataHora': '2023-07-21T10:00:00.000+0000'}",50496600,50496600,50496600,,AÇUDE ARACI MONTANTE (OLARIA DO CAPISTANA),-11.2714,-39.1647,,2024-02-09T15:23:11.640+0000,5,"5 - Atlântico, Trecho Leste","50 - RIOS VAZA-BARRIS,ITAPICURU E .",RIO ITAPICURU,BAHIA,ARACI,50,50500000,16,16021000,114,114,2020-12-28T10:00:00.000+0000,2024-04-03T20:00:00.000+0000,INEMA-BA,INEMA-BA,Fluviométrica,1,111639090 - AÇUDE ARACI MONTANTE (OLARIA DO CAPISTANA),,False,False,False,S 11° 16' 17.04'',W 39° 9' 52.92'',28/12/2020 à 03/04/2024,,,6.0,,,
"{'horEstacao': 111639090, 'horDataHora': '2023-07-21T20:00:00.000+0000'}",50496600,50496600,50496600,,AÇUDE ARACI MONTANTE (OLARIA DO CAPISTANA),-11.2714,-39.1647,,2024-02-09T15:23:11.640+0000,5,"5 - Atlântico, Trecho Leste","50 - RIOS VAZA-BARRIS,ITAPICURU E .",RIO ITAPICURU,BAHIA,ARACI,50,50500000,16,16021000,114,114,2020-12-28T10:00:00.000+0000,2024-04-03T20:00:00.000+0000,INEMA-BA,INEMA-BA,Fluviométrica,1,111639090 - AÇUDE ARACI MONTANTE (OLARIA DO CAPISTANA),,False,False,False,S 11° 16' 17.04'',W 39° 9' 52.92'',28/12/2020 à 03/04/2024,,,6.0,,,
"{'horEstacao': 111639090, 'horDataHora': '2023-07-22T10:00:00.000+0000'}",50496600,50496600,50496600,,AÇUDE ARACI MONTANTE (OLARIA DO CAPISTANA),-11.2714,-39.1647,,2024-02-09T15:23:11.640+0000,5,"5 - Atlântico, Trecho Leste","50 - RIOS VAZA-BARRIS,ITAPICURU E .",RIO ITAPICURU,BAHIA,ARACI,50,50500000,16,16021000,114,114,2020-12-28T10:00:00.000+0000,2024-04-03T20:00:00.000+0000,INEMA-BA,INEMA-BA,Fluviométrica,1,111639090 - AÇUDE ARACI MONTANTE (OLARIA DO CAPISTANA),,False,False,False,S 11° 16' 17.04'',W 39° 9' 52.92'',28/12/2020 à 03/04/2024,,,6.0,,,
"{'horEstacao': 111639090, 'horDataHora': '2023-07-22T20:00:00.000+0000'}",50496600,50496600,50496600,,AÇUDE ARACI MONTANTE (OLARIA DO CAPISTANA),-11.2714,-39.1647,,2024-02-09T15:23:11.640+0000,5,"5 - Atlântico, Trecho Leste","50 - RIOS VAZA-BARRIS,ITAPICURU E .",RIO ITAPICURU,BAHIA,ARACI,50,50500000,16,16021000,114,114,2020-12-28T10:00:00.000+0000,2024-04-03T20:00:00.000+0000,INEMA-BA,INEMA-BA,Fluviométrica,1,111639090 - AÇUDE ARACI MONTANTE (OLARIA DO CAPISTANA),,False,False,False,S 11° 16' 17.04'',W 39° 9' 52.92'',28/12/2020 à 03/04/2024,,,6.0,,,
"{'horEstacao': 111639090, 'horDataHora': '2023-07-23T10:00:00.000+0000'}",50496600,50496600,50496600,,AÇUDE ARACI MONTANTE (OLARIA DO CAPISTANA),-11.2714,-39.1647,,2024-02-09T15:23:11.640+0000,5,"5 - Atlântico, Trecho Leste","50 - RIOS VAZA-BARRIS,ITAPICURU E .",RIO ITAPICURU,BAHIA,ARACI,50,50500000,16,16021000,114,114,2020-12-28T10:00:00.000+0000,2024-04-03T20:00:00.000+0000,INEMA-BA,INEMA-BA,Fluviométrica,1,111639090 - AÇUDE ARACI MONTANTE (OLARIA DO CAPISTANA),,False,False,False,S 11° 16' 17.04'',W 39° 9' 52.92'',28/12/2020 à 03/04/2024,,,6.0,,,
"{'horEstacao': 111639090, 'horDataHora': '2023-07-23T20:00:00.000+0000'}",50496600,50496600,50496600,,AÇUDE ARACI MONTANTE (OLARIA DO CAPISTANA),-11.2714,-39.1647,,2024-02-09T15:23:11.640+0000,5,"5 - Atlântico, Trecho Leste","50 - RIOS VAZA-BARRIS,ITAPICURU E .",RIO ITAPICURU,BAHIA,ARACI,50,50500000,16,16021000,114,114,2020-12-28T10:00:00.000+0000,2024-04-03T20:00:00.000+0000,INEMA-BA,INEMA-BA,Fluviométrica,1,111639090 - AÇUDE ARACI MONTANTE (OLARIA DO CAPISTANA),,False,False,False,S 11° 16' 17.04'',W 39° 9' 52.92'',28/12/2020 à 03/04/2024,,,6.0,,,
"{'horEstacao': 111639090, 'horDataHora': '2023-07-24T10:00:00.000+0000'}",50496600,50496600,50496600,,AÇUDE ARACI MONTANTE (OLARIA DO CAPISTANA),-11.2714,-39.1647,,2024-02-09T15:23:11.640+0000,5,"5 - Atlântico, Trecho Leste","50 - RIOS VAZA-BARRIS,ITAPICURU E .",RIO ITAPICURU,BAHIA,ARACI,50,50500000,16,16021000,114,114,2020-12-28T10:00:00.000+0000,2024-04-03T20:00:00.000+0000,INEMA-BA,INEMA-BA,Fluviométrica,1,111639090 - AÇUDE ARACI MONTANTE (OLARIA DO CAPISTANA),,False,False,False,S 11° 16' 17.04'',W 39° 9' 52.92'',28/12/2020 à 03/04/2024,,,6.0,,,
"{'horEstacao': 111639090, 'horDataHora': '2023-07-25T10:00:00.000+0000'}",50496600,50496600,50496600,,AÇUDE ARACI MONTANTE (OLARIA DO CAPISTANA),-11.2714,-39.1647,,2024-02-09T15:23:11.640+0000,5,"5 - Atlântico, Trecho Leste","50 - RIOS VAZA-BARRIS,ITAPICURU E .",RIO ITAPICURU,BAHIA,ARACI,50,50500000,16,16021000,114,114,2020-12-28T10:00:00.000+0000,2024-04-03T20:00:00.000+0000,INEMA-BA,INEMA-BA,Fluviométrica,1,111639090 - AÇUDE ARACI MONTANTE (OLARIA DO CAPISTANA),,False,False,False,S 11° 16' 17.04'',W 39° 9' 52.92'',28/12/2020 à 03/04/2024,,,6.0,,,
"{'horEstacao': 111639090, 'horDataHora': '2023-07-25T20:00:00.000+0000'}",50496600,50496600,50496600,,AÇUDE ARACI MONTANTE (OLARIA DO CAPISTANA),-11.2714,-39.1647,,2024-02-09T15:23:11.640+0000,5,"5 - Atlântico, Trecho Leste","50 - RIOS VAZA-BARRIS,ITAPICURU E .",RIO ITAPICURU,BAHIA,ARACI,50,50500000,16,16021000,114,114,2020-12-28T10:00:00.000+0000,2024-04-03T20:00:00.000+0000,INEMA-BA,INEMA-BA,Fluviométrica,1,111639090 - AÇUDE ARACI MONTANTE (OLARIA DO CAPISTANA),,False,False,False,S 11° 16' 17.04'',W 39° 9' 52.92'',28/12/2020 à 03/04/2024,,,6.0,,,
"{'horEstacao': 111639090, 'horDataHora': '2023-07-26T10:00:00.000+0000'}",50496600,50496600,50496600,,AÇUDE ARACI MONTANTE (OLARIA DO CAPISTANA),-11.2714,-39.1647,,2024-02-09T15:23:11.640+0000,5,"5 - Atlântico, Trecho Leste","50 - RIOS VAZA-BARRIS,ITAPICURU E .",RIO ITAPICURU,BAHIA,ARACI,50,50500000,16,16021000,114,114,2020-12-28T10:00:00.000+0000,2024-04-03T20:00:00.000+0000,INEMA-BA,INEMA-BA,Fluviométrica,1,111639090 - AÇUDE ARACI MONTANTE (OLARIA DO CAPISTANA),,False,False,False,S 11° 16' 17.04'',W 39° 9' 52.92'',28/12/2020 à 03/04/2024,,,6.0,,,
"{'horEstacao': 111639090, 'horDataHora': '2023-07-26T20:00:00.000+0000'}",50496600,50496600,50496600,,AÇUDE ARACI MONTANTE (OLARIA DO CAPISTANA),-11.2714,-39.1647,,2024-02-09T15:23:11.640+0000,5,"5 - Atlântico, Trecho Leste","50 - RIOS VAZA-BARRIS,ITAPICURU E .",RIO ITAPICURU,BAHIA,ARACI,50,50500000,16,16021000,114,114,2020-12-28T10:00:00.000+0000,2024-04-03T20:00:00.000+0000,INEMA-BA,INEMA-BA,Fluviométrica,1,111639090 - AÇUDE ARACI MONTANTE (OLARIA DO CAPISTANA),,False,False,False,S 11° 16' 17.04'',W 39° 9' 52.92'',28/12/2020 à 03/04/2024,,,6.0,,,
"{'horEstacao': 111639090, 'horDataHora': '2023-07-27T20:00:00.000+0000'}",50496600,50496600,50496600,,AÇUDE ARACI MONTANTE (OLARIA DO CAPISTANA),-11.2714,-39.1647,,2024-02-09T15:23:11.640+0000,5,"5 - Atlântico, Trecho Leste","50 - RIOS VAZA-BARRIS,ITAPICURU E .",RIO ITAPICURU,BAHIA,ARACI,50,50500000,16,16021000,114,114,2020-12-28T10:00:00.000+0000,2024-04-03T20:00:00.000+0000,INEMA-BA,INEMA-BA,Fluviométrica,1,111639090 - AÇUDE ARACI MONTANTE (OLARIA DO CAPISTANA),,False,False,False,S 11° 16' 17.04'',W 39° 9' 52.92'',28/12/2020 à 03/04/2024,,,6.0,,,
"{'horEstacao': 111639090, 'horDataHora': '2023-07-28T10:00:00.000+0000'}",50496600,50496600,50496600,,AÇUDE ARACI MONTANTE (OLARIA DO CAPISTANA),-11.2714,-39.1647,,2024-02-09T15:23:11.640+0000,5,"5 - Atlântico, Trecho Leste","50 - RIOS VAZA-BARRIS,ITAPICURU E .",RIO ITAPICURU,BAHIA,ARACI,50,50500000,16,16021000,114,114,2020-12-28T10:00:00.000+0000,2024-04-03T20:00:00.000+0000,INEMA-BA,INEMA-BA,Fluviométrica,1,111639090 - AÇUDE ARACI MONTANTE (OLARIA DO CAPISTANA),,False,False,False,S 11° 16' 17.04'',W 39° 9' 52.92'',28/12/2020 à 03/04/2024,,,6.0,,,
"{'horEstacao': 111639090, 'horDataHora': '2023-07-29T10:00:00.000+0000'}",50496600,50496600,50496600,,AÇUDE ARACI MONTANTE (OLARIA DO CAPISTANA),-11.2714,-39.1647,,2024-02-09T15:23:11.640+0000,5,"5 - Atlântico, Trecho Leste","50 - RIOS VAZA-BARRIS,ITAPICURU E .",RIO ITAPICURU,BAHIA,ARACI,50,50500000,16,16021000,114,114,2020-12-28T10:00:00.000+0000,2024-04-03T20:00:00.000+0000,INEMA-BA,INEMA-BA,Fluviométrica,1,111639090 - AÇUDE ARACI MONTANTE (OLARIA DO CAPISTANA),,False,False,False,S 11° 16' 17.04'',W 39° 9' 52.92'',28/12/2020 à 03/04/2024,,,6.0,,,
"{'horEstacao': 111639090, 'horDataHora': '2023-07-29T20:00:00.000+0000'}",50496600,50496600,50496600,,AÇUDE ARACI MONTANTE (OLARIA DO CAPISTANA),-11.2714,-39.1647,,2024-02-09T15:23:11.640+0000,5,"5 - Atlântico, Trecho Leste","50 - RIOS VAZA-BARRIS,ITAPICURU E .",RIO ITAPICURU,BAHIA,ARACI,50,50500000,16,16021000,114,114,2020-12-28T10:00:00.000+0000,2024-04-03T20:00:00.000+0000,INEMA-BA,INEMA-BA,Fluviométrica,1,111639090 - AÇUDE ARACI MONTANTE (OLARIA DO CAPISTANA),,False,False,False,S 11° 16' 17.04'',W 39° 9' 52.92'',28/12/2020 à 03/04/2024,,,6.0,,,
"{'horEstacao': 111639090, 'horDataHora': '2023-07-30T10:00:00.000+0000'}",50496600,50496600,50496600,,AÇUDE ARACI MONTANTE (OLARIA DO CAPISTANA),-11.2714,-39.1647,,2024-02-09T15:23:11.640+0000,5,"5 - Atlântico, Trecho Leste","50 - RIOS VAZA-BARRIS,ITAPICURU E .",RIO ITAPICURU,BAHIA,ARACI,50,50500000,16,16021000,114,114,2020-12-28T10:00:00.000+0000,2024-04-03T20:00:00.000+0000,INEMA-BA,INEMA-BA,Fluviométrica,1,111639090 - AÇUDE ARACI MONTANTE (OLARIA DO CAPISTANA),,False,False,False,S 11° 16' 17.04'',W 39° 9' 52.92'',28/12/2020 à 03/04/2024,,,6.0,,,
"{'horEstacao': 111639090, 'horDataHora': '2023-07-30T20:00:00.000+0000'}",50496600,50496600,50496600,,AÇUDE ARACI MONTANTE (OLARIA DO CAPISTANA),-11.2714,-39.1647,,2024-02-09T15:23:11.640+0000,5,"5 - Atlântico, Trecho Leste","50 - RIOS VAZA-BARRIS,ITAPICURU E .",RIO ITAPICURU,BAHIA,ARACI,50,50500000,16,16021000,114,114,2020-12-28T10:00:00.000+0000,2024-04-03T20:00:00.000+0000,INEMA-BA,INEMA-BA,Fluviométrica,1,111639090 - AÇUDE ARACI MONTANTE (OLARIA DO CAPISTANA),,False,False,False,S 11° 16' 17.04'',W 39° 9' 52.92'',28/12/2020 à 03/04/2024,,,6.0,,,
"{'horEstacao': 111639090, 'horDataHora': '2023-07-31T10:00:00.000+0000'}",50496600,50496600,50496600,,AÇUDE ARACI MONTANTE (OLARIA DO CAPISTANA),-11.2714,-39.1647,,2024-02-09T15:23:11.640+0000,5,"5 - Atlântico, Trecho Leste","50 - RIOS VAZA-BARRIS,ITAPICURU E .",RIO ITAPICURU,BAHIA,ARACI,50,50500000,16,16021000,114,114,2020-12-28T10:00:00.000+0000,2024-04-03T20:00:00.000+0000,INEMA-BA,INEMA-BA,Fluviométrica,1,111639090 - AÇUDE ARACI MONTANTE (OLARIA DO CAPISTANA),,False,False,False,S 11° 16' 17.04'',W 39° 9' 52.92'',28/12/2020 à 03/04/2024,,,6.0,,,
"{'horEstacao': 111639090, 'horDataHora': '2023-07-31T20:00:00.000+0000'}",50496600,50496600,50496600,,AÇUDE ARACI MONTANTE (OLARIA DO CAPISTANA),-11.2714,-39.1647,,2024-02-09T15:23:11.640+0000,5,"5 - Atlântico, Trecho Leste","50 - RIOS VAZA-BARRIS,ITAPICURU E .",RIO ITAPICURU,BAHIA,ARACI,50,50500000,16,16021000,114,114,2020-12-28T10:00:00.000+0000,2024-04-03T20:00:00.000+0000,INEMA-BA,INEMA-BA,Fluviométrica,1,111639090 - AÇUDE ARACI MONTANTE (OLARIA DO CAPISTANA),,False,False,False,S 11° 16' 17.04'',W 39° 9' 52.92'',28/12/2020 à 03/04/2024,,,6.0,,,
"{'horEstacao': 111639090, 'horDataHora': '2023-08-01T20:00:00.000+0000'}",50496600,50496600,50496600,,AÇUDE ARACI MONTANTE (OLARIA DO CAPISTANA),-11.2714,-39.1647,,2024-02-09T15:23:11.640+0000,5,"5 - Atlântico, Trecho Leste","50 - RIOS VAZA-BARRIS,ITAPICURU E .",RIO ITAPICURU,BAHIA,ARACI,50,50500000,16,16021000,114,114,2020-12-28T10:00:00.000+0000,2024-04-03T20:00:00.000+0000,INEMA-BA,INEMA-BA,Fluviométrica,1,111639090 - AÇUDE ARACI MONTANTE (OLARIA DO CAPISTANA),,False,False,False,S 11° 16' 17.04'',W 39° 9' 52.92'',28/12/2020 à 03/04/2024,,,6.0,,,
"{'horEstacao': 111639090, 'horDataHora': '2023-08-02T20:00:00.000+0000'}",50496600,50496600,50496600,,AÇUDE ARACI MONTANTE (OLARIA DO CAPISTANA),-11.2714,-39.1647,,2024-02-09T15:23:11.640+0000,5,"5 - Atlântico, Trecho Leste","50 - RIOS VAZA-BARRIS,ITAPICURU E .",RIO ITAPICURU,BAHIA,ARACI,50,50500000,16,16021000,114,114,2020-12-28T10:00:00.000+0000,2024-04-03T20:00:00.000+0000,INEMA-BA,INEMA-BA,Fluviométrica,1,111639090 - AÇUDE ARACI MONTANTE (OLARIA DO CAPISTANA),,False,False,False,S 11° 16' 17.04'',W 39° 9' 52.92'',28/12/2020 à 03/04/2024,,,6.0,,,
"{'horEstacao': 111639090, 'horDataHora': '2023-08-03T20:00:00.000+0000'}",50496600,50496600,50496600,,AÇUDE ARACI MONTANTE (OLARIA DO CAPISTANA),-11.2714,-39.1647,,2024-02-09T15:23:11.640+0000,5,"5 - Atlântico, Trecho Leste","50 - RIOS VAZA-BARRIS,ITAPICURU E .",RIO ITAPICURU,BAHIA,ARACI,50,50500000,16,16021000,114,114,2020-12-28T10:00:00.000+0000,2024-04-03T20:00:00.000+0000,INEMA-BA,INEMA-BA,Fluviométrica,1,111639090 - AÇUDE ARACI MONTANTE (OLARIA DO CAPISTANA),,False,False,False,S 11° 16' 17.04'',W 39° 9' 52.92'',28/12/2020 à 03/04/2024,,,6.0,,,
"{'horEstacao': 111639090, 'horDataHora': '2023-08-04T20:00:00.000+0000'}",50496600,50496600,50496600,,AÇUDE ARACI MONTANTE (OLARIA DO CAPISTANA),-11.2714,-39.1647,,2024-02-09T15:23:11.640+0000,5,"5 - Atlântico, Trecho Leste","50 - RIOS VAZA-BARRIS,ITAPICURU E .",RIO ITAPICURU,BAHIA,ARACI,50,50500000,16,16021000,114,114,2020-12-28T10:00:00.000+0000,2024-04-03T20:00:00.000+0000,INEMA-BA,INEMA-BA,Fluviométrica,1,111639090 - AÇUDE ARACI MONTANTE (OLARIA DO CAPISTANA),,False,False,False,S 11° 16' 17.04'',W 39° 9' 52.92'',28/12/2020 à 03/04/2024,,,0.0,0.0,,
"{'horEstacao': 111639090, 'horDataHora': '2023-08-06T20:00:00.000+0000'}",50496600,50496600,50496600,,AÇUDE ARACI MONTANTE (OLARIA DO CAPISTANA),-11.2714,-39.1647,,2024-02-09T15:23:11.640+0000,5,"5 - Atlântico, Trecho Leste","50 - RIOS VAZA-BARRIS,ITAPICURU E .",RIO ITAPICURU,BAHIA,ARACI,50,50500000,16,16021000,114,114,2020-12-28T10:00:00.000+0000,2024-04-03T20:00:00.000+0000,INEMA-BA,INEMA-BA,Fluviométrica,1,111639090 - AÇUDE ARACI MONTANTE (OLARIA DO CAPISTANA),,False,False,False,S 11° 16' 17.04'',W 39° 9' 52.92'',28/12/2020 à 03/04/2024,,,6.0,,,
"{'horEstacao': 111639090, 'horDataHora': '2023-08-07T20:00:00.000+0000'}",50496600,50496600,50496600,,AÇUDE ARACI MONTANTE (OLARIA DO CAPISTANA),-11.2714,-39.1647,,2024-02-09T15:23:11.640+0000,5,"5 - Atlântico, Trecho Leste","50 - RIOS VAZA-BARRIS,ITAPICURU E .",RIO ITAPICURU,BAHIA,ARACI,50,50500000,16,16021000,114,114,2020-12-28T10:00:00.000+0000,2024-04-03T20:00:00.000+0000,INEMA-BA,INEMA-BA,Fluviométrica,1,111639090 - AÇUDE ARACI MONTANTE (OLARIA DO CAPISTANA),,False,False,False,S 11° 16' 17.04'',W 39° 9' 52.92'',28/12/2020 à 03/04/2024,,,6.0,,,
"{'horEstacao': 111639090, 'horDataHora': '2023-08-08T20:00:00.000+0000'}",50496600,50496600,50496600,,AÇUDE ARACI MONTANTE (OLARIA DO CAPISTANA),-11.2714,-39.1647,,2024-02-09T15:23:11.640+0000,5,"5 - Atlântico, Trecho Leste","50 - RIOS VAZA-BARRIS,ITAPICURU E .",RIO ITAPICURU,BAHIA,ARACI,50,50500000,16,16021000,114,114,2020-12-28T10:00:00.000+0000,2024-04-03T20:00:00.000+0000,INEMA-BA,INEMA-BA,Fluviométrica,1,111639090 - AÇUDE ARACI MONTANTE (OLARIA DO CAPISTANA),,False,False,False,S 11° 16' 17.04'',W 39° 9' 52.92'',28/12/2020 à 03/04/2024,,,6.0,,,
"{'horEstacao': 111639090, 'horDataHora': '2023-08-09T20:00:00.000+0000'}",50496600,50496600,50496600,,AÇUDE ARACI MONTANTE (OLARIA DO CAPISTANA),-11.2714,-39.1647,,2024-02-09T15:23:11.640+0000,5,"5 - Atlântico, Trecho Leste","50 - RIOS VAZA-BARRIS,ITAPICURU E .",RIO ITAPICURU,BAHIA,ARACI,50,50500000,16,16021000,114,114,2020-12-28T10:00:00.000+0000,2024-04-03T20:00:00.000+0000,INEMA-BA,INEMA-BA,Fluviométrica,1,111639090 - AÇUDE ARACI MONTANTE (OLARIA DO CAPISTANA),,False,False,False,S 11° 16' 17.04'',W 39° 9' 52.92'',28/12/2020 à 03/04/2024,,,6.0,,,
"{'horEstacao': 111639090, 'horDataHora': '2023-08-10T20:00:00.000+0000'}",50496600,50496600,50496600,,AÇUDE ARACI MONTANTE (OLARIA DO CAPISTANA),-11.2714,-39.1647,,2024-02-09T15:23:11.640+0000,5,"5 - Atlântico, Trecho Leste","50 - RIOS VAZA-BARRIS,ITAPICURU E .",RIO ITAPICURU,BAHIA,ARACI,50,50500000,16,16021000,114,114,2020-12-28T10:00:00.000+0000,2024-04-03T20:00:00.000+0000,INEMA-BA,INEMA-BA,Fluviométrica,1,111639090 - AÇUDE ARACI MONTANTE (OLARIA DO CAPISTANA),,False,False,False,S 11° 16' 17.04'',W 39° 9' 52.92'',28/12/2020 à 03/04/2024,,,6.0,,,
"{'horEstacao': 111639090, 'horDataHora': '2023-08-12T20:00:00.000+0000'}",50496600,50496600,50496600,,AÇUDE ARACI MONTANTE (OLARIA DO CAPISTANA),-11.2714,-39.1647,,2024-02-09T15:23:11.640+0000,5,"5 - Atlântico, Trecho Leste","50 - RIOS VAZA-BARRIS,ITAPICURU E .",RIO ITAPICURU,BAHIA,ARACI,50,50500000,16,16021000,114,114,2020-12-28T10:00:00.000+0000,2024-04-03T20:00:00.000+0000,INEMA-BA,INEMA-BA,Fluviométrica,1,111639090 - AÇUDE ARACI MONTANTE (OLARIA DO CAPISTANA),,False,False,False,S 11° 16' 17.04'',W 39° 9' 52.92'',28/12/2020 à 03/04/2024,,,6.0,,,
"{'horEstacao': 111639090, 'horDataHora': '2023-08-14T20:00:00.000+0000'}",50496600,50496600,50496600,,AÇUDE ARACI MONTANTE (OLARIA DO CAPISTANA),-11.2714,-39.1647,,2024-02-09T15:23:11.640+0000,5,"5 - Atlântico, Trecho Leste","50 - RIOS VAZA-BARRIS,ITAPICURU E .",RIO ITAPICURU,BAHIA,ARACI,50,50500000,16,16021000,114,114,2020-12-28T10:00:00.000+0000,2024-04-03T20:00:00.000+0000,INEMA-BA,INEMA-BA,Fluviométrica,1,111639090 - AÇUDE ARACI MONTANTE (OLARIA DO CAPISTANA),,False,False,False,S 11° 16' 17.04'',W 39° 9' 52.92'',28/12/2020 à 03/04/2024,,,6.0,,,
"{'horEstacao': 111639090, 'horDataHora': '2023-08-15T20:00:00.000+0000'}",50496600,50496600,50496600,,AÇUDE ARACI MONTANTE (OLARIA DO CAPISTANA),-11.2714,-39.1647,,2024-02-09T15:23:11.640+0000,5,"5 - Atlântico, Trecho Leste","50 - RIOS VAZA-BARRIS,ITAPICURU E .",RIO ITAPICURU,BAHIA,ARACI,50,50500000,16,16021000,114,114,2020-12-28T10:00:00.000+0000,2024-04-03T20:00:00.000+0000,INEMA-BA,INEMA-BA,Fluviométrica,1,111639090 - AÇUDE ARACI MONTANTE (OLARIA DO CAPISTANA),,False,False,False,S 11° 16' 17.04'',W 39° 9' 52.92'',28/12/2020 à 03/04/2024,,,6.0,,,
"{'horEstacao': 111639090, 'horDataHora': '2023-08-17T20:00:00.000+0000'}",50496600,50496600,50496600,,AÇUDE ARACI MONTANTE (OLARIA DO CAPISTANA),-11.2714,-39.1647,,2024-02-09T15:23:11.640+0000,5,"5 - Atlântico, Trecho Leste","50 - RIOS VAZA-BARRIS,ITAPICURU E .",RIO ITAPICURU,BAHIA,ARACI,50,50500000,16,16021000,114,114,2020-12-28T10:00:00.000+0000,2024-04-03T20:00:00.000+0000,INEMA-BA,INEMA-BA,Fluviométrica,1,111639090 - AÇUDE ARACI MONTANTE (OLARIA DO CAPISTANA),,False,False,False,S 11° 16' 17.04'',W 39° 9' 52.92'',28/12/2020 à 03/04/2024,,,6.0,,,
"{'horEstacao': 111639090, 'horDataHora': '2023-08-18T20:00:00.000+0000'}",50496600,50496600,50496600,,AÇUDE ARACI MONTANTE (OLARIA DO CAPISTANA),-11.2714,-39.1647,,2024-02-09T15:23:11.640+0000,5,"5 - Atlântico, Trecho Leste","50 - RIOS VAZA-BARRIS,ITAPICURU E .",RIO ITAPICURU,BAHIA,ARACI,50,50500000,16,16021000,114,114,2020-12-28T10:00:00.000+0000,2024-04-03T20:00:00.000+0000,INEMA-BA,INEMA-BA,Fluviométrica,1,111639090 - AÇUDE ARACI MONTANTE (OLARIA DO CAPISTANA),,False,False,False,S 11° 16' 17.04'',W 39° 9' 52.92'',28/12/2020 à 03/04/2024,,,6.0,,,
"{'horEstacao': 111639090, 'horDataHora': '2023-08-20T20:00:00.000+0000'}",50496600,50496600,50496600,,AÇUDE ARACI MONTANTE (OLARIA DO CAPISTANA),-11.2714,-39.1647,,2024-02-09T15:23:11.640+0000,5,"5 - Atlântico, Trecho Leste","50 - RIOS VAZA-BARRIS,ITAPICURU E .",RIO ITAPICURU,BAHIA,ARACI,50,50500000,16,16021000,114,114,2020-12-28T10:00:00.000+0000,2024-04-03T20:00:00.000+0000,INEMA-BA,INEMA-BA,Fluviométrica,1,111639090 - AÇUDE ARACI MONTANTE (OLARIA DO CAPISTANA),,False,False,False,S 11° 16' 17.04'',W 39° 9' 52.92'',28/12/2020 à 03/04/2024,,,6.0,,,
"{'horEstacao': 111639090, 'horDataHora': '2023-08-21T20:00:00.000+0000'}",50496600,50496600,50496600,,AÇUDE ARACI MONTANTE (OLARIA DO CAPISTANA),-11.2714,-39.1647,,2024-02-09T15:23:11.640+0000,5,"5 - Atlântico, Trecho Leste","50 - RIOS VAZA-BARRIS,ITAPICURU E .",RIO ITAPICURU,BAHIA,ARACI,50,50500000,16,16021000,114,114,2020-12-28T10:00:00.000+0000,2024-04-03T20:00:00.000+0000,INEMA-BA,INEMA-BA,Fluviométrica,1,111639090 - AÇUDE ARACI MONTANTE (OLARIA DO CAPISTANA),,False,False,False,S 11° 16' 17.04'',W 39° 9' 52.92'',28/12/2020 à 03/04/2024,,,6.0,,,
"{'horEstacao': 111639090, 'horDataHora': '2023-08-22T20:00:00.000+0000'}",50496600,50496600,50496600,,AÇUDE ARACI MONTANTE (OLARIA DO CAPISTANA),-11.2714,-39.1647,,2024-02-09T15:23:11.640+0000,5,"5 - Atlântico, Trecho Leste","50 - RIOS VAZA-BARRIS,ITAPICURU E .",RIO ITAPICURU,BAHIA,ARACI,50,50500000,16,16021000,114,114,2020-12-28T10:00:00.000+0000,2024-04-03T20:00:00.000+0000,INEMA-BA,INEMA-BA,Fluviométrica,1,111639090 - AÇUDE ARACI MONTANTE (OLARIA DO CAPISTANA),,False,False,False,S 11° 16' 17.04'',W 39° 9' 52.92'',28/12/2020 à 03/04/2024,,,6.0,,,
"{'horEstacao': 111639090, 'horDataHora': '2023-08-23T20:00:00.000+0000'}",50496600,50496600,50496600,,AÇUDE ARACI MONTANTE (OLARIA DO CAPISTANA),-11.2714,-39.1647,,2024-02-09T15:23:11.640+0000,5,"5 - Atlântico, Trecho Leste","50 - RIOS VAZA-BARRIS,ITAPICURU E .",RIO ITAPICURU,BAHIA,ARACI,50,50500000,16,16021000,114,114,2020-12-28T10:00:00.000+0000,2024-04-03T20:00:00.000+0000,INEMA-BA,INEMA-BA,Fluviométrica,1,111639090 - AÇUDE ARACI MONTANTE (OLARIA DO CAPISTANA),,False,False,False,S 11° 16' 17.04'',W 39° 9' 52.92'',28/12/2020 à 03/04/2024,,,6.0,,,
"{'horEstacao': 111639090, 'horDataHora': '2023-08-24T20:00:00.000+0000'}",50496600,50496600,50496600,,AÇUDE ARACI MONTANTE (OLARIA DO CAPISTANA),-11.2714,-39.1647,,2024-02-09T15:23:11.640+0000,5,"5 - Atlântico, Trecho Leste","50 - RIOS VAZA-BARRIS,ITAPICURU E .",RIO ITAPICURU,BAHIA,ARACI,50,50500000,16,16021000,114,114,2020-12-28T10:00:00.000+0000,2024-04-03T20:00:00.000+0000,INEMA-BA,INEMA-BA,Fluviométrica,1,111639090 - AÇUDE ARACI MONTANTE (OLARIA DO CAPISTANA),,False,False,False,S 11° 16' 17.04'',W 39° 9' 52.92'',28/12/2020 à 03/04/2024,,,6.0,,,
"{'horEstacao': 111639090, 'horDataHora': '2023-08-26T20:00:00.000+0000'}",50496600,50496600,50496600,,AÇUDE ARACI MONTANTE (OLARIA DO CAPISTANA),-11.2714,-39.1647,,2024-02-09T15:23:11.640+0000,5,"5 - Atlântico, Trecho Leste","50 - RIOS VAZA-BARRIS,ITAPICURU E .",RIO ITAPICURU,BAHIA,ARACI,50,50500000,16,16021000,114,114,2020-12-28T10:00:00.000+0000,2024-04-03T20:00:00.000+0000,INEMA-BA,INEMA-BA,Fluviométrica,1,111639090 - AÇUDE ARACI MONTANTE (OLARIA DO CAPISTANA),,False,False,False,S 11° 16' 17.04'',W 39° 9' 52.92'',28/12/2020 à 03/04/2024,,,6.0,,,
"{'horEstacao': 111639090, 'horDataHora': '2023-08-28T20:00:00.000+0000'}",50496600,50496600,50496600,,AÇUDE ARACI MONTANTE (OLARIA DO CAPISTANA),-11.2714,-39.1647,,2024-02-09T15:23:11.640+0000,5,"5 - Atlântico, Trecho Leste","50 - RIOS VAZA-BARRIS,ITAPICURU E .",RIO ITAPICURU,BAHIA,ARACI,50,50500000,16,16021000,114,114,2020-12-28T10:00:00.000+0000,2024-04-03T20:00:00.000+0000,INEMA-BA,INEMA-BA,Fluviométrica,1,111639090 - AÇUDE ARACI MONTANTE (OLARIA DO CAPISTANA),,False,False,False,S 11° 16' 17.04'',W 39° 9' 52.92'',28/12/2020 à 03/04/2024,,,6.0,,,
"{'horEstacao': 111639090, 'horDataHora': '2023-08-29T20:00:00.000+0000'}",50496600,50496600,50496600,,AÇUDE ARACI MONTANTE (OLARIA DO CAPISTANA),-11.2714,-39.1647,,2024-02-09T15:23:11.640+0000,5,"5 - Atlântico, Trecho Leste","50 - RIOS VAZA-BARRIS,ITAPICURU E .",RIO ITAPICURU,BAHIA,ARACI,50,50500000,16,16021000,114,114,2020-12-28T10:00:00.000+0000,2024-04-03T20:00:00.000+0000,INEMA-BA,INEMA-BA,Fluviométrica,1,111639090 - AÇUDE ARACI MONTANTE (OLARIA DO CAPISTANA),,False,False,False,S 11° 16' 17.04'',W 39° 9' 52.92'',28/12/2020 à 03/04/2024,,,6.0,,,
"{'horEstacao': 111639090, 'horDataHora': '2023-08-31T20:00:00.000+0000'}",50496600,50496600,50496600,,AÇUDE ARACI MONTANTE (OLARIA DO CAPISTANA),-11.2714,-39.1647,,2024-02-09T15:23:11.640+0000,5,"5 - Atlântico, Trecho Leste","50 - RIOS VAZA-BARRIS,ITAPICURU E .",RIO ITAPICURU,BAHIA,ARACI,50,50500000,16,16021000,114,114,2020-12-28T10:00:00.000+0000,2024-04-03T20:00:00.000+0000,INEMA-BA,INEMA-BA,Fluviométrica,1,111639090 - AÇUDE ARACI MONTANTE (OLARIA DO CAPISTANA),,False,False,False,S 11° 16' 17.04'',W 39° 9' 52.92'',28/12/2020 à 03/04/2024,,,6.0,,,
"{'horEstacao': 111639090, 'horDataHora': '2023-09-01T20:00:00.000+0000'}",50496600,50496600,50496600,,AÇUDE ARACI MONTANTE (OLARIA DO CAPISTANA),-11.2714,-39.1647,,2024-02-09T15:23:11.640+0000,5,"5 - Atlântico, Trecho Leste","50 - RIOS VAZA-BARRIS,ITAPICURU E .",RIO ITAPICURU,BAHIA,ARACI,50,50500000,16,16021000,114,114,2020-12-28T10:00:00.000+0000,2024-04-03T20:00:00.000+0000,INEMA-BA,INEMA-BA,Fluviométrica,1,111639090 - AÇUDE ARACI MONTANTE (OLARIA DO CAPISTANA),,False,False,False,S 11° 16' 17.04'',W 39° 9' 52.92'',28/12/2020 à 03/04/2024,,,6.0,,,
"{'horEstacao': 111639090, 'horDataHora': '2023-09-03T20:00:00.000+0000'}",50496600,50496600,50496600,,AÇUDE ARACI MONTANTE (OLARIA DO CAPISTANA),-11.2714,-39.1647,,2024-02-09T15:23:11.640+0000,5,"5 - Atlântico, Trecho Leste","50 - RIOS VAZA-BARRIS,ITAPICURU E .",RIO ITAPICURU,BAHIA,ARACI,50,50500000,16,16021000,114,114,2020-12-28T10:00:00.000+0000,2024-04-03T20:00:00.000+0000,INEMA-BA,INEMA-BA,Fluviométrica,1,111639090 - AÇUDE ARACI MONTANTE (OLARIA DO CAPISTANA),,False,False,False,S 11° 16' 17.04'',W 39° 9' 52.92'',28/12/2020 à 03/04/2024,,,6.0,,,
"{'horEstacao': 111639090, 'horDataHora': '2023-09-05T20:00:00.000+0000'}",50496600,50496600,50496600,,AÇUDE ARACI MONTANTE (OLARIA DO CAPISTANA),-11.2714,-39.1647,,2024-02-09T15:23:11.640+0000,5,"5 - Atlântico, Trecho Leste","50 - RIOS VAZA-BARRIS,ITAPICURU E .",RIO ITAPICURU,BAHIA,ARACI,50,50500000,16,16021000,114,114,2020-12-28T10:00:00.000+0000,2024-04-03T20:00:00.000+0000,INEMA-BA,INEMA-BA,Fluviométrica,1,111639090 - AÇUDE ARACI MONTANTE (OLARIA DO CAPISTANA),,False,False,False,S 11° 16' 17.04'',W 39° 9' 52.92'',28/12/2020 à 03/04/2024,,,6.0,,,
"{'horEstacao': 111639090, 'horDataHora': '2023-09-06T20:00:00.000+0000'}",50496600,50496600,50496600,,AÇUDE ARACI MONTANTE (OLARIA DO CAPISTANA),-11.2714,-39.1647,,2024-02-09T15:23:11.640+0000,5,"5 - Atlântico, Trecho Leste","50 - RIOS VAZA-BARRIS,ITAPICURU E .",RIO ITAPICURU,BAHIA,ARACI,50,50500000,16,16021000,114,114,2020-12-28T10:00:00.000+0000,2024-04-03T20:00:00.000+0000,INEMA-BA,INEMA-BA,Fluviométrica,1,111639090 - AÇUDE ARACI MONTANTE (OLARIA DO CAPISTANA),,False,False,False,S 11° 16' 17.04'',W 39° 9' 52.92'',28/12/2020 à 03/04/2024,,,6.0,,,
"{'horEstacao': 111639090, 'horDataHora': '2023-09-07T20:00:00.000+0000'}",50496600,50496600,50496600,,AÇUDE ARACI MONTANTE (OLARIA DO CAPISTANA),-11.2714,-39.1647,,2024-02-09T15:23:11.640+0000,5,"5 - Atlântico, Trecho Leste","50 - RIOS VAZA-BARRIS,ITAPICURU E .",RIO ITAPICURU,BAHIA,ARACI,50,50500000,16,16021000,114,114,2020-12-28T10:00:00.000+0000,2024-04-03T20:00:00.000+0000,INEMA-BA,INEMA-BA,Fluviométrica,1,111639090 - AÇUDE ARACI MONTANTE (OLARIA DO CAPISTANA),,False,False,False,S 11° 16' 17.04'',W 39° 9' 52.92'',28/12/2020 à 03/04/2024,,,6.0,,,
"{'horEstacao': 111639090, 'horDataHora': '2023-09-11T20:00:00.000+0000'}",50496600,50496600,50496600,,AÇUDE ARACI MONTANTE (OLARIA DO CAPISTANA),-11.2714,-39.1647,,2024-02-09T15:23:11.640+0000,5,"5 - Atlântico, Trecho Leste","50 - RIOS VAZA-BARRIS,ITAPICURU E .",RIO ITAPICURU,BAHIA,ARACI,50,50500000,16,16021000,114,114,2020-12-28T10:00:00.000+0000,2024-04-03T20:00:00.000+0000,INEMA-BA,INEMA-BA,Fluviométrica,1,111639090 - AÇUDE ARACI MONTANTE (OLARIA DO CAPISTANA),,False,False,False,S 11° 16' 17.04'',W 39° 9' 52.92'',28/12/2020 à 03/04/2024,,,6.0,,,
"{'horEstacao': 111639090, 'horDataHora': '2023-09-13T20:00:00.000+0000'}",50496600,50496600,50496600,,AÇUDE ARACI MONTANTE (OLARIA DO CAPISTANA),-11.2714,-39.1647,,2024-02-09T15:23:11.640+0000,5,"5 - Atlântico, Trecho Leste","50 - RIOS VAZA-BARRIS,ITAPICURU E .",RIO ITAPICURU,BAHIA,ARACI,50,50500000,16,16021000,114,114,2020-12-28T10:00:00.000+0000,2024-04-03T20:00:00.000+0000,INEMA-BA,INEMA-BA,Fluviométrica,1,111639090 - AÇUDE ARACI MONTANTE (OLARIA DO CAPISTANA),,False,False,False,S 11° 16' 17.04'',W 39° 9' 52.92'',28/12/2020 à 03/04/2024,,,6.0,,,
"{'horEstacao': 111639090, 'horDataHora': '2023-09-15T20:00:00.000+0000'}",50496600,50496600,50496600,,AÇUDE ARACI MONTANTE (OLARIA DO CAPISTANA),-11.2714,-39.1647,,2024-02-09T15:23:11.640+0000,5,"5 - Atlântico, Trecho Leste","50 - RIOS VAZA-BARRIS,ITAPICURU E .",RIO ITAPICURU,BAHIA,ARACI,50,50500000,16,16021000,114,114,2020-12-28T10:00:00.000+0000,2024-04-03T20:00:00.000+0000,INEMA-BA,INEMA-BA,Fluviométrica,1,111639090 - AÇUDE ARACI MONTANTE (OLARIA DO CAPISTANA),,False,False,False,S 11° 16' 17.04'',W 39° 9' 52.92'',28/12/2020 à 03/04/2024,,,6.0,,,
"{'horEstacao': 111639090, 'horDataHora': '2023-09-19T20:00:00.000+0000'}",50496600,50496600,50496600,,AÇUDE ARACI MONTANTE (OLARIA DO CAPISTANA),-11.2714,-39.1647,,2024-02-09T15:23:11.640+0000,5,"5 - Atlântico, Trecho Leste","50 - RIOS VAZA-BARRIS,ITAPICURU E .",RIO ITAPICURU,BAHIA,ARACI,50,50500000,16,16021000,114,114,2020-12-28T10:00:00.000+0000,2024-04-03T20:00:00.000+0000,INEMA-BA,INEMA-BA,Fluviométrica,1,111639090 - AÇUDE ARACI MONTANTE (OLARIA DO CAPISTANA),,False,False,False,S 11° 16' 17.04'',W 39° 9' 52.92'',28/12/2020 à 03/04/2024,,,6.0,,,
"{'horEstacao': 111639090, 'horDataHora': '2023-09-20T20:00:00.000+0000'}",50496600,50496600,50496600,,AÇUDE ARACI MONTANTE (OLARIA DO CAPISTANA),-11.2714,-39.1647,,2024-02-09T15:23:11.640+0000,5,"5 - Atlântico, Trecho Leste","50 - RIOS VAZA-BARRIS,ITAPICURU E .",RIO ITAPICURU,BAHIA,ARACI,50,50500000,16,16021000,114,114,2020-12-28T10:00:00.000+0000,2024-04-03T20:00:00.000+0000,INEMA-BA,INEMA-BA,Fluviométrica,1,111639090 - AÇUDE ARACI MONTANTE (OLARIA DO CAPISTANA),,False,False,False,S 11° 16' 17.04'',W 39° 9' 52.92'',28/12/2020 à 03/04/2024,,,6.0,,,
"{'horEstacao': 111639090, 'horDataHora': '2023-09-22T20:00:00.000+0000'}",50496600,50496600,50496600,,AÇUDE ARACI MONTANTE (OLARIA DO CAPISTANA),-11.2714,-39.1647,,2024-02-09T15:23:11.640+0000,5,"5 - Atlântico, Trecho Leste","50 - RIOS VAZA-BARRIS,ITAPICURU E .",RIO ITAPICURU,BAHIA,ARACI,50,50500000,16,16021000,114,114,2020-12-28T10:00:00.000+0000,2024-04-03T20:00:00.000+0000,INEMA-BA,INEMA-BA,Fluviométrica,1,111639090 - AÇUDE ARACI MONTANTE (OLARIA DO CAPISTANA),,False,False,False,S 11° 16' 17.04'',W 39° 9' 52.92'',28/12/2020 à 03/04/2024,,,6.0,,,
"{'horEstacao': 111639090, 'horDataHora': '2023-09-28T20:00:00.000+0000'}",50496600,50496600,50496600,,AÇUDE ARACI MONTANTE (OLARIA DO CAPISTANA),-11.2714,-39.1647,,2024-02-09T15:23:11.640+0000,5,"5 - Atlântico, Trecho Leste","50 - RIOS VAZA-BARRIS,ITAPICURU E .",RIO ITAPICURU,BAHIA,ARACI,50,50500000,16,16021000,114,114,2020-12-28T10:00:00.000+0000,2024-04-03T20:00:00.000+0000,INEMA-BA,INEMA-BA,Fluviométrica,1,111639090 - AÇUDE ARACI MONTANTE (OLARIA DO CAPISTANA),,False,False,False,S 11° 16' 17.04'',W 39° 9' 52.92'',28/12/2020 à 03/04/2024,,,6.0,,,
"{'horEstacao': 111639090, 'horDataHora': '2023-10-01T10:00:00.000+0000'}",50496600,50496600,50496600,,AÇUDE ARACI MONTANTE (OLARIA DO CAPISTANA),-11.2714,-39.1647,,2024-02-09T15:23:11.640+0000,5,"5 - Atlântico, Trecho Leste","50 - RIOS VAZA-BARRIS,ITAPICURU E .",RIO ITAPICURU,BAHIA,ARACI,50,50500000,16,16021000,114,114,2020-12-28T10:00:00.000+0000,2024-04-03T20:00:00.000+0000,INEMA-BA,INEMA-BA,Fluviométrica,1,111639090 - AÇUDE ARACI MONTANTE (OLARIA DO CAPISTANA),,False,False,False,S 11° 16' 17.04'',W 39° 9' 52.92'',28/12/2020 à 03/04/2024,,,6.0,,,
"{'horEstacao': 111639090, 'horDataHora': '2023-10-01T20:00:00.000+0000'}",50496600,50496600,50496600,,AÇUDE ARACI MONTANTE (OLARIA DO CAPISTANA),-11.2714,-39.1647,,2024-02-09T15:23:11.640+0000,5,"5 - Atlântico, Trecho Leste","50 - RIOS VAZA-BARRIS,ITAPICURU E .",RIO ITAPICURU,BAHIA,ARACI,50,50500000,16,16021000,114,114,2020-12-28T10:00:00.000+0000,2024-04-03T20:00:00.000+0000,INEMA-BA,INEMA-BA,Fluviométrica,1,111639090 - AÇUDE ARACI MONTANTE (OLARIA DO CAPISTANA),,False,False,False,S 11° 16' 17.04'',W 39° 9' 52.92'',28/12/2020 à 03/04/2024,,,6.0,,,
"{'horEstacao': 111639090, 'horDataHora': '2023-10-02T10:00:00.000+0000'}",50496600,50496600,50496600,,AÇUDE ARACI MONTANTE (OLARIA DO CAPISTANA),-11.2714,-39.1647,,2024-02-09T15:23:11.640+0000,5,"5 - Atlântico, Trecho Leste","50 - RIOS VAZA-BARRIS,ITAPICURU E .",RIO ITAPICURU,BAHIA,ARACI,50,50500000,16,16021000,114,114,2020-12-28T10:00:00.000+0000,2024-04-03T20:00:00.000+0000,INEMA-BA,INEMA-BA,Fluviométrica,1,111639090 - AÇUDE ARACI MONTANTE (OLARIA DO CAPISTANA),,False,False,False,S 11° 16' 17.04'',W 39° 9' 52.92'',28/12/2020 à 03/04/2024,,,6.0,,,
"{'horEstacao': 111639090, 'horDataHora': '2023-10-02T20:00:00.000+0000'}",50496600,50496600,50496600,,AÇUDE ARACI MONTANTE (OLARIA DO CAPISTANA),-11.2714,-39.1647,,2024-02-09T15:23:11.640+0000,5,"5 - Atlântico, Trecho Leste","50 - RIOS VAZA-BARRIS,ITAPICURU E .",RIO ITAPICURU,BAHIA,ARACI,50,50500000,16,16021000,114,114,2020-12-28T10:00:00.000+0000,2024-04-03T20:00:00.000+0000,INEMA-BA,INEMA-BA,Fluviométrica,1,111639090 - AÇUDE ARACI MONTANTE (OLARIA DO CAPISTANA),,False,False,False,S 11° 16' 17.04'',W 39° 9' 52.92'',28/12/2020 à 03/04/2024,,,6.0,,,
"{'horEstacao': 111639090, 'horDataHora': '2023-10-03T10:00:00.000+0000'}",50496600,50496600,50496600,,AÇUDE ARACI MONTANTE (OLARIA DO CAPISTANA),-11.2714,-39.1647,,2024-02-09T15:23:11.640+0000,5,"5 - Atlântico, Trecho Leste","50 - RIOS VAZA-BARRIS,ITAPICURU E .",RIO ITAPICURU,BAHIA,ARACI,50,50500000,16,16021000,114,114,2020-12-28T10:00:00.000+0000,2024-04-03T20:00:00.000+0000,INEMA-BA,INEMA-BA,Fluviométrica,1,111639090 - AÇUDE ARACI MONTANTE (OLARIA DO CAPISTANA),,False,False,False,S 11° 16' 17.04'',W 39° 9' 52.92'',28/12/2020 à 03/04/2024,,,6.0,,,
"{'horEstacao': 111639090, 'horDataHora': '2023-10-03T20:00:00.000+0000'}",50496600,50496600,50496600,,AÇUDE ARACI MONTANTE (OLARIA DO CAPISTANA),-11.2714,-39.1647,,2024-02-09T15:23:11.640+0000,5,"5 - Atlântico, Trecho Leste","50 - RIOS VAZA-BARRIS,ITAPICURU E .",RIO ITAPICURU,BAHIA,ARACI,50,50500000,16,16021000,114,114,2020-12-28T10:00:00.000+0000,2024-04-03T20:00:00.000+0000,INEMA-BA,INEMA-BA,Fluviométrica,1,111639090 - AÇUDE ARACI MONTANTE (OLARIA DO CAPISTANA),,False,False,False,S 11° 16' 17.04'',W 39° 9' 52.92'',28/12/2020 à 03/04/2024,,,6.0,,,
"{'horEstacao': 111639090, 'horDataHora': '2023-10-04T10:00:00.000+0000'}",50496600,50496600,50496600,,AÇUDE ARACI MONTANTE (OLARIA DO CAPISTANA),-11.2714,-39.1647,,2024-02-09T15:23:11.640+0000,5,"5 - Atlântico, Trecho Leste","50 - RIOS VAZA-BARRIS,ITAPICURU E .",RIO ITAPICURU,BAHIA,ARACI,50,50500000,16,16021000,114,114,2020-12-28T10:00:00.000+0000,2024-04-03T20:00:00.000+0000,INEMA-BA,INEMA-BA,Fluviométrica,1,111639090 - AÇUDE ARACI MONTANTE (OLARIA DO CAPISTANA),,False,False,False,S 11° 16' 17.04'',W 39° 9' 52.92'',28/12/2020 à 03/04/2024,,,6.0,,,
"{'horEstacao': 111639090, 'horDataHora': '2023-10-04T20:00:00.000+0000'}",50496600,50496600,50496600,,AÇUDE ARACI MONTANTE (OLARIA DO CAPISTANA),-11.2714,-39.1647,,2024-02-09T15:23:11.640+0000,5,"5 - Atlântico, Trecho Leste","50 - RIOS VAZA-BARRIS,ITAPICURU E .",RIO ITAPICURU,BAHIA,ARACI,50,50500000,16,16021000,114,114,2020-12-28T10:00:00.000+0000,2024-04-03T20:00:00.000+0000,INEMA-BA,INEMA-BA,Fluviométrica,1,111639090 - AÇUDE ARACI MONTANTE (OLARIA DO CAPISTANA),,False,False,False,S 11° 16' 17.04'',W 39° 9' 52.92'',28/12/2020 à 03/04/2024,,,6.0,,,
"{'horEstacao': 111639090, 'horDataHora': '2023-10-05T10:00:00.000+0000'}",50496600,50496600,50496600,,AÇUDE ARACI MONTANTE (OLARIA DO CAPISTANA),-11.2714,-39.1647,,2024-02-09T15:23:11.640+0000,5,"5 - Atlântico, Trecho Leste","50 - RIOS VAZA-BARRIS,ITAPICURU E .",RIO ITAPICURU,BAHIA,ARACI,50,50500000,16,16021000,114,114,2020-12-28T10:00:00.000+0000,2024-04-03T20:00:00.000+0000,INEMA-BA,INEMA-BA,Fluviométrica,1,111639090 - AÇUDE ARACI MONTANTE (OLARIA DO CAPISTANA),,False,False,False,S 11° 16' 17.04'',W 39° 9' 52.92'',28/12/2020 à 03/04/2024,,,6.0,,,
"{'horEstacao': 111639090, 'horDataHora': '2023-10-05T20:00:00.000+0000'}",50496600,50496600,50496600,,AÇUDE ARACI MONTANTE (OLARIA DO CAPISTANA),-11.2714,-39.1647,,2024-02-09T15:23:11.640+0000,5,"5 - Atlântico, Trecho Leste","50 - RIOS VAZA-BARRIS,ITAPICURU E .",RIO ITAPICURU,BAHIA,ARACI,50,50500000,16,16021000,114,114,2020-12-28T10:00:00.000+0000,2024-04-03T20:00:00.000+0000,INEMA-BA,INEMA-BA,Fluviométrica,1,111639090 - AÇUDE ARACI MONTANTE (OLARIA DO CAPISTANA),,False,False,False,S 11° 16' 17.04'',W 39° 9' 52.92'',28/12/2020 à 03/04/2024,,,6.0,,,
"{'horEstacao': 111639090, 'horDataHora': '2023-10-06T10:00:00.000+0000'}",50496600,50496600,50496600,,AÇUDE ARACI MONTANTE (OLARIA DO CAPISTANA),-11.2714,-39.1647,,2024-02-09T15:23:11.640+0000,5,"5 - Atlântico, Trecho Leste","50 - RIOS VAZA-BARRIS,ITAPICURU E .",RIO ITAPICURU,BAHIA,ARACI,50,50500000,16,16021000,114,114,2020-12-28T10:00:00.000+0000,2024-04-03T20:00:00.000+0000,INEMA-BA,INEMA-BA,Fluviométrica,1,111639090 - AÇUDE ARACI MONTANTE (OLARIA DO CAPISTANA),,False,False,False,S 11° 16' 17.04'',W 39° 9' 52.92'',28/12/2020 à 03/04/2024,,,6.0,,,
"{'horEstacao': 111639090, 'horDataHora': '2023-10-06T20:00:00.000+0000'}",50496600,50496600,50496600,,AÇUDE ARACI MONTANTE (OLARIA DO CAPISTANA),-11.2714,-39.1647,,2024-02-09T15:23:11.640+0000,5,"5 - Atlântico, Trecho Leste","50 - RIOS VAZA-BARRIS,ITAPICURU E .",RIO ITAPICURU,BAHIA,ARACI,50,50500000,16,16021000,114,114,2020-12-28T10:00:00.000+0000,2024-04-03T20:00:00.000+0000,INEMA-BA,INEMA-BA,Fluviométrica,1,111639090 - AÇUDE ARACI MONTANTE (OLARIA DO CAPISTANA),,False,False,False,S 11° 16' 17.04'',W 39° 9' 52.92'',28/12/2020 à 03/04/2024,,,6.0,,,
"{'horEstacao': 111639090, 'horDataHora': '2023-10-07T10:00:00.000+0000'}",50496600,50496600,50496600,,AÇUDE ARACI MONTANTE (OLARIA DO CAPISTANA),-11.2714,-39.1647,,2024-02-09T15:23:11.640+0000,5,"5 - Atlântico, Trecho Leste","50 - RIOS VAZA-BARRIS,ITAPICURU E .",RIO ITAPICURU,BAHIA,ARACI,50,50500000,16,16021000,114,114,2020-12-28T10:00:00.000+0000,2024-04-03T20:00:00.000+0000,INEMA-BA,INEMA-BA,Fluviométrica,1,111639090 - AÇUDE ARACI MONTANTE (OLARIA DO CAPISTANA),,False,False,False,S 11° 16' 17.04'',W 39° 9' 52.92'',28/12/2020 à 03/04/2024,,,6.0,,,
"{'horEstacao': 111639090, 'horDataHora': '2023-10-07T20:00:00.000+0000'}",50496600,50496600,50496600,,AÇUDE ARACI MONTANTE (OLARIA DO CAPISTANA),-11.2714,-39.1647,,2024-02-09T15:23:11.640+0000,5,"5 - Atlântico, Trecho Leste","50 - RIOS VAZA-BARRIS,ITAPICURU E .",RIO ITAPICURU,BAHIA,ARACI,50,50500000,16,16021000,114,114,2020-12-28T10:00:00.000+0000,2024-04-03T20:00:00.000+0000,INEMA-BA,INEMA-BA,Fluviométrica,1,111639090 - AÇUDE ARACI MONTANTE (OLARIA DO CAPISTANA),,False,False,False,S 11° 16' 17.04'',W 39° 9' 52.92'',28/12/2020 à 03/04/2024,,,6.0,,,
"{'horEstacao': 111639090, 'horDataHora': '2023-10-08T10:00:00.000+0000'}",50496600,50496600,50496600,,AÇUDE ARACI MONTANTE (OLARIA DO CAPISTANA),-11.2714,-39.1647,,2024-02-09T15:23:11.640+0000,5,"5 - Atlântico, Trecho Leste","50 - RIOS VAZA-BARRIS,ITAPICURU E .",RIO ITAPICURU,BAHIA,ARACI,50,50500000,16,16021000,114,114,2020-12-28T10:00:00.000+0000,2024-04-03T20:00:00.000+0000,INEMA-BA,INEMA-BA,Fluviométrica,1,111639090 - AÇUDE ARACI MONTANTE (OLARIA DO CAPISTANA),,False,False,False,S 11° 16' 17.04'',W 39° 9' 52.92'',28/12/2020 à 03/04/2024,,,6.0,,,
"{'horEstacao': 111639090, 'horDataHora': '2023-10-08T20:00:00.000+0000'}",50496600,50496600,50496600,,AÇUDE ARACI MONTANTE (OLARIA DO CAPISTANA),-11.2714,-39.1647,,2024-02-09T15:23:11.640+0000,5,"5 - Atlântico, Trecho Leste","50 - RIOS VAZA-BARRIS,ITAPICURU E .",RIO ITAPICURU,BAHIA,ARACI,50,50500000,16,16021000,114,114,2020-12-28T10:00:00.000+0000,2024-04-03T20:00:00.000+0000,INEMA-BA,INEMA-BA,Fluviométrica,1,111639090 - AÇUDE ARACI MONTANTE (OLARIA DO CAPISTANA),,False,False,False,S 11° 16' 17.04'',W 39° 9' 52.92'',28/12/2020 à 03/04/2024,,,6.0,,,
"{'horEstacao': 111639090, 'horDataHora': '2023-10-09T10:00:00.000+0000'}",50496600,50496600,50496600,,AÇUDE ARACI MONTANTE (OLARIA DO CAPISTANA),-11.2714,-39.1647,,2024-02-09T15:23:11.640+0000,5,"5 - Atlântico, Trecho Leste","50 - RIOS VAZA-BARRIS,ITAPICURU E .",RIO ITAPICURU,BAHIA,ARACI,50,50500000,16,16021000,114,114,2020-12-28T10:00:00.000+0000,2024-04-03T20:00:00.000+0000,INEMA-BA,INEMA-BA,Fluviométrica,1,111639090 - AÇUDE ARACI MONTANTE (OLARIA DO CAPISTANA),,False,False,False,S 11° 16' 17.04'',W 39° 9' 52.92'',28/12/2020 à 03/04/2024,,,6.0,,,
"{'horEstacao': 111639090, 'horDataHora': '2023-10-09T20:00:00.000+0000'}",50496600,50496600,50496600,,AÇUDE ARACI MONTANTE (OLARIA DO CAPISTANA),-11.2714,-39.1647,,2024-02-09T15:23:11.640+0000,5,"5 - Atlântico, Trecho Leste","50 - RIOS VAZA-BARRIS,ITAPICURU E .",RIO ITAPICURU,BAHIA,ARACI,50,50500000,16,16021000,114,114,2020-12-28T10:00:00.000+0000,2024-04-03T20:00:00.000+0000,INEMA-BA,INEMA-BA,Fluviométrica,1,111639090 - AÇUDE ARACI MONTANTE (OLARIA DO CAPISTANA),,False,False,False,S 11° 16' 17.04'',W 39° 9' 52.92'',28/12/2020 à 03/04/2024,,,6.0,,,
"{'horEstacao': 111639090, 'horDataHora': '2023-10-10T10:00:00.000+0000'}",50496600,50496600,50496600,,AÇUDE ARACI MONTANTE (OLARIA DO CAPISTANA),-11.2714,-39.1647,,2024-02-09T15:23:11.640+0000,5,"5 - Atlântico, Trecho Leste","50 - RIOS VAZA-BARRIS,ITAPICURU E .",RIO ITAPICURU,BAHIA,ARACI,50,50500000,16,16021000,114,114,2020-12-28T10:00:00.000+0000,2024-04-03T20:00:00.000+0000,INEMA-BA,INEMA-BA,Fluviométrica,1,111639090 - AÇUDE ARACI MONTANTE (OLARIA DO CAPISTANA),,False,False,False,S 11° 16' 17.04'',W 39° 9' 52.92'',28/12/2020 à 03/04/2024,,,6.0,,,
"{'horEstacao': 111639090, 'horDataHora': '2023-10-10T20:00:00.000+0000'}",50496600,50496600,50496600,,AÇUDE ARACI MONTANTE (OLARIA DO CAPISTANA),-11.2714,-39.1647,,2024-02-09T15:23:11.640+0000,5,"5 - Atlântico, Trecho Leste","50 - RIOS VAZA-BARRIS,ITAPICURU E .",RIO ITAPICURU,BAHIA,ARACI,50,50500000,16,16021000,114,114,2020-12-28T10:00:00.000+0000,2024-04-03T20:00:00.000+0000,INEMA-BA,INEMA-BA,Fluviométrica,1,111639090 - AÇUDE ARACI MONTANTE (OLARIA DO CAPISTANA),,False,False,False,S 11° 16' 17.04'',W 39° 9' 52.92'',28/12/2020 à 03/04/2024,,,6.0,,,
"{'horEstacao': 111639090, 'horDataHora': '2023-10-11T10:00:00.000+0000'}",50496600,50496600,50496600,,AÇUDE ARACI MONTANTE (OLARIA DO CAPISTANA),-11.2714,-39.1647,,2024-02-09T15:23:11.640+0000,5,"5 - Atlântico, Trecho Leste","50 - RIOS VAZA-BARRIS,ITAPICURU E .",RIO ITAPICURU,BAHIA,ARACI,50,50500000,16,16021000,114,114,2020-12-28T10:00:00.000+0000,2024-04-03T20:00:00.000+0000,INEMA-BA,INEMA-BA,Fluviométrica,1,111639090 - AÇUDE ARACI MONTANTE (OLARIA DO CAPISTANA),,False,False,False,S 11° 16' 17.04'',W 39° 9' 52.92'',28/12/2020 à 03/04/2024,,,6.0,,,
"{'horEstacao': 111639090, 'horDataHora': '2023-10-11T20:00:00.000+0000'}",50496600,50496600,50496600,,AÇUDE ARACI MONTANTE (OLARIA DO CAPISTANA),-11.2714,-39.1647,,2024-02-09T15:23:11.640+0000,5,"5 - Atlântico, Trecho Leste","50 - RIOS VAZA-BARRIS,ITAPICURU E .",RIO ITAPICURU,BAHIA,ARACI,50,50500000,16,16021000,114,114,2020-12-28T10:00:00.000+0000,2024-04-03T20:00:00.000+0000,INEMA-BA,INEMA-BA,Fluviométrica,1,111639090 - AÇUDE ARACI MONTANTE (OLARIA DO CAPISTANA),,False,False,False,S 11° 16' 17.04'',W 39° 9' 52.92'',28/12/2020 à 03/04/2024,,,6.0,,,
"{'horEstacao': 111639090, 'horDataHora': '2023-10-12T10:00:00.000+0000'}",50496600,50496600,50496600,,AÇUDE ARACI MONTANTE (OLARIA DO CAPISTANA),-11.2714,-39.1647,,2024-02-09T15:23:11.640+0000,5,"5 - Atlântico, Trecho Leste","50 - RIOS VAZA-BARRIS,ITAPICURU E .",RIO ITAPICURU,BAHIA,ARACI,50,50500000,16,16021000,114,114,2020-12-28T10:00:00.000+0000,2024-04-03T20:00:00.000+0000,INEMA-BA,INEMA-BA,Fluviométrica,1,111639090 - AÇUDE ARACI MONTANTE (OLARIA DO CAPISTANA),,False,False,False,S 11° 16' 17.04'',W 39° 9' 52.92'',28/12/2020 à 03/04/2024,,,6.0,,,
"{'horEstacao': 111639090, 'horDataHora': '2023-10-12T20:00:00.000+0000'}",50496600,50496600,50496600,,AÇUDE ARACI MONTANTE (OLARIA DO CAPISTANA),-11.2714,-39.1647,,2024-02-09T15:23:11.640+0000,5,"5 - Atlântico, Trecho Leste","50 - RIOS VAZA-BARRIS,ITAPICURU E .",RIO ITAPICURU,BAHIA,ARACI,50,50500000,16,16021000,114,114,2020-12-28T10:00:00.000+0000,2024-04-03T20:00:00.000+0000,INEMA-BA,INEMA-BA,Fluviométrica,1,111639090 - AÇUDE ARACI MONTANTE (OLARIA DO CAPISTANA),,False,False,False,S 11° 16' 17.04'',W 39° 9' 52.92'',28/12/2020 à 03/04/2024,,,6.0,,,
"{'horEstacao': 111639090, 'horDataHora': '2023-10-13T10:00:00.000+0000'}",50496600,50496600,50496600,,AÇUDE ARACI MONTANTE (OLARIA DO CAPISTANA),-11.2714,-39.1647,,2024-02-09T15:23:11.640+0000,5,"5 - Atlântico, Trecho Leste","50 - RIOS VAZA-BARRIS,ITAPICURU E .",RIO ITAPICURU,BAHIA,ARACI,50,50500000,16,16021000,114,114,2020-12-28T10:00:00.000+0000,2024-04-03T20:00:00.000+0000,INEMA-BA,INEMA-BA,Fluviométrica,1,111639090 - AÇUDE ARACI MONTANTE (OLARIA DO CAPISTANA),,False,False,False,S 11° 16' 17.04'',W 39° 9' 52.92'',28/12/2020 à 03/04/2024,,,6.0,,,
"{'horEstacao': 111639090, 'horDataHora': '2023-10-13T20:00:00.000+0000'}",50496600,50496600,50496600,,AÇUDE ARACI MONTANTE (OLARIA DO CAPISTANA),-11.2714,-39.1647,,2024-02-09T15:23:11.640+0000,5,"5 - Atlântico, Trecho Leste","50 - RIOS VAZA-BARRIS,ITAPICURU E .",RIO ITAPICURU,BAHIA,ARACI,50,50500000,16,16021000,114,114,2020-12-28T10:00:00.000+0000,2024-04-03T20:00:00.000+0000,INEMA-BA,INEMA-BA,Fluviométrica,1,111639090 - AÇUDE ARACI MONTANTE (OLARIA DO CAPISTANA),,False,False,False,S 11° 16' 17.04'',W 39° 9' 52.92'',28/12/2020 à 03/04/2024,,,6.0,,,
"{'horEstacao': 111639090, 'horDataHora': '2023-10-14T10:00:00.000+0000'}",50496600,50496600,50496600,,AÇUDE ARACI MONTANTE (OLARIA DO CAPISTANA),-11.2714,-39.1647,,2024-02-09T15:23:11.640+0000,5,"5 - Atlântico, Trecho Leste","50 - RIOS VAZA-BARRIS,ITAPICURU E .",RIO ITAPICURU,BAHIA,ARACI,50,50500000,16,16021000,114,114,2020-12-28T10:00:00.000+0000,2024-04-03T20:00:00.000+0000,INEMA-BA,INEMA-BA,Fluviométrica,1,111639090 - AÇUDE ARACI MONTANTE (OLARIA DO CAPISTANA),,False,False,False,S 11° 16' 17.04'',W 39° 9' 52.92'',28/12/2020 à 03/04/2024,,,6.0,,,
"{'horEstacao': 111639090, 'horDataHora': '2023-10-14T20:00:00.000+0000'}",50496600,50496600,50496600,,AÇUDE ARACI MONTANTE (OLARIA DO CAPISTANA),-11.2714,-39.1647,,2024-02-09T15:23:11.640+0000,5,"5 - Atlântico, Trecho Leste","50 - RIOS VAZA-BARRIS,ITAPICURU E .",RIO ITAPICURU,BAHIA,ARACI,50,50500000,16,16021000,114,114,2020-12-28T10:00:00.000+0000,2024-04-03T20:00:00.000+0000,INEMA-BA,INEMA-BA,Fluviométrica,1,111639090 - AÇUDE ARACI MONTANTE (OLARIA DO CAPISTANA),,False,False,False,S 11° 16' 17.04'',W 39° 9' 52.92'',28/12/2020 à 03/04/2024,,,6.0,,,
"{'horEstacao': 111639090, 'horDataHora': '2023-10-15T10:00:00.000+0000'}",50496600,50496600,50496600,,AÇUDE ARACI MONTANTE (OLARIA DO CAPISTANA),-11.2714,-39.1647,,2024-02-09T15:23:11.640+0000,5,"5 - Atlântico, Trecho Leste","50 - RIOS VAZA-BARRIS,ITAPICURU E .",RIO ITAPICURU,BAHIA,ARACI,50,50500000,16,16021000,114,114,2020-12-28T10:00:00.000+0000,2024-04-03T20:00:00.000+0000,INEMA-BA,INEMA-BA,Fluviométrica,1,111639090 - AÇUDE ARACI MONTANTE (OLARIA DO CAPISTANA),,False,False,False,S 11° 16' 17.04'',W 39° 9' 52.92'',28/12/2020 à 03/04/2024,,,6.0,,,
"{'horEstacao': 111639090, 'horDataHora': '2023-10-15T20:00:00.000+0000'}",50496600,50496600,50496600,,AÇUDE ARACI MONTANTE (OLARIA DO CAPISTANA),-11.2714,-39.1647,,2024-02-09T15:23:11.640+0000,5,"5 - Atlântico, Trecho Leste","50 - RIOS VAZA-BARRIS,ITAPICURU E .",RIO ITAPICURU,BAHIA,ARACI,50,50500000,16,16021000,114,114,2020-12-28T10:00:00.000+0000,2024-04-03T20:00:00.000+0000,INEMA-BA,INEMA-BA,Fluviométrica,1,111639090 - AÇUDE ARACI MONTANTE (OLARIA DO CAPISTANA),,False,False,False,S 11° 16' 17.04'',W 39° 9' 52.92'',28/12/2020 à 03/04/2024,,,6.0,,,
"{'horEstacao': 111639090, 'horDataHora': '2023-10-16T10:00:00.000+0000'}",50496600,50496600,50496600,,AÇUDE ARACI MONTANTE (OLARIA DO CAPISTANA),-11.2714,-39.1647,,2024-02-09T15:23:11.640+0000,5,"5 - Atlântico, Trecho Leste","50 - RIOS VAZA-BARRIS,ITAPICURU E .",RIO ITAPICURU,BAHIA,ARACI,50,50500000,16,16021000,114,114,2020-12-28T10:00:00.000+0000,2024-04-03T20:00:00.000+0000,INEMA-BA,INEMA-BA,Fluviométrica,1,111639090 - AÇUDE ARACI MONTANTE (OLARIA DO CAPISTANA),,False,False,False,S 11° 16' 17.04'',W 39° 9' 52.92'',28/12/2020 à 03/04/2024,,,6.0,,,
"{'horEstacao': 111639090, 'horDataHora': '2023-10-16T20:00:00.000+0000'}",50496600,50496600,50496600,,AÇUDE ARACI MONTANTE (OLARIA DO CAPISTANA),-11.2714,-39.1647,,2024-02-09T15:23:11.640+0000,5,"5 - Atlântico, Trecho Leste","50 - RIOS VAZA-BARRIS,ITAPICURU E .",RIO ITAPICURU,BAHIA,ARACI,50,50500000,16,16021000,114,114,2020-12-28T10:00:00.000+0000,2024-04-03T20:00:00.000+0000,INEMA-BA,INEMA-BA,Fluviométrica,1,111639090 - AÇUDE ARACI MONTANTE (OLARIA DO CAPISTANA),,False,False,False,S 11° 16' 17.04'',W 39° 9' 52.92'',28/12/2020 à 03/04/2024,,,6.0,,,
"{'horEstacao': 111639090, 'horDataHora': '2023-10-17T10:00:00.000+0000'}",50496600,50496600,50496600,,AÇUDE ARACI MONTANTE (OLARIA DO CAPISTANA),-11.2714,-39.1647,,2024-02-09T15:23:11.640+0000,5,"5 - Atlântico, Trecho Leste","50 - RIOS VAZA-BARRIS,ITAPICURU E .",RIO ITAPICURU,BAHIA,ARACI,50,50500000,16,16021000,114,114,2020-12-28T10:00:00.000+0000,2024-04-03T20:00:00.000+0000,INEMA-BA,INEMA-BA,Fluviométrica,1,111639090 - AÇUDE ARACI MONTANTE (OLARIA DO CAPISTANA),,False,False,False,S 11° 16' 17.04'',W 39° 9' 52.92'',28/12/2020 à 03/04/2024,,,6.0,,,
"{'horEstacao': 111639090, 'horDataHora': '2023-10-17T20:00:00.000+0000'}",50496600,50496600,50496600,,AÇUDE ARACI MONTANTE (OLARIA DO CAPISTANA),-11.2714,-39.1647,,2024-02-09T15:23:11.640+0000,5,"5 - Atlântico, Trecho Leste","50 - RIOS VAZA-BARRIS,ITAPICURU E .",RIO ITAPICURU,BAHIA,ARACI,50,50500000,16,16021000,114,114,2020-12-28T10:00:00.000+0000,2024-04-03T20:00:00.000+0000,INEMA-BA,INEMA-BA,Fluviométrica,1,111639090 - AÇUDE ARACI MONTANTE (OLARIA DO CAPISTANA),,False,False,False,S 11° 16' 17.04'',W 39° 9' 52.92'',28/12/2020 à 03/04/2024,,,6.0,,,
"{'horEstacao': 111639090, 'horDataHora': '2023-10-18T10:00:00.000+0000'}",50496600,50496600,50496600,,AÇUDE ARACI MONTANTE (OLARIA DO CAPISTANA),-11.2714,-39.1647,,2024-02-09T15:23:11.640+0000,5,"5 - Atlântico, Trecho Leste","50 - RIOS VAZA-BARRIS,ITAPICURU E .",RIO ITAPICURU,BAHIA,ARACI,50,50500000,16,16021000,114,114,2020-12-28T10:00:00.000+0000,2024-04-03T20:00:00.000+0000,INEMA-BA,INEMA-BA,Fluviométrica,1,111639090 - AÇUDE ARACI MONTANTE (OLARIA DO CAPISTANA),,False,False,False,S 11° 16' 17.04'',W 39° 9' 52.92'',28/12/2020 à 03/04/2024,,,6.0,,,
"{'horEstacao': 111639090, 'horDataHora': '2023-10-18T20:00:00.000+0000'}",50496600,50496600,50496600,,AÇUDE ARACI MONTANTE (OLARIA DO CAPISTANA),-11.2714,-39.1647,,2024-02-09T15:23:11.640+0000,5,"5 - Atlântico, Trecho Leste","50 - RIOS VAZA-BARRIS,ITAPICURU E .",RIO ITAPICURU,BAHIA,ARACI,50,50500000,16,16021000,114,114,2020-12-28T10:00:00.000+0000,2024-04-03T20:00:00.000+0000,INEMA-BA,INEMA-BA,Fluviométrica,1,111639090 - AÇUDE ARACI MONTANTE (OLARIA DO CAPISTANA),,False,False,False,S 11° 16' 17.04'',W 39° 9' 52.92'',28/12/2020 à 03/04/2024,,,6.0,,,
"{'horEstacao': 111639090, 'horDataHora': '2023-10-19T10:00:00.000+0000'}",50496600,50496600,50496600,,AÇUDE ARACI MONTANTE (OLARIA DO CAPISTANA),-11.2714,-39.1647,,2024-02-09T15:23:11.640+0000,5,"5 - Atlântico, Trecho Leste","50 - RIOS VAZA-BARRIS,ITAPICURU E .",RIO ITAPICURU,BAHIA,ARACI,50,50500000,16,16021000,114,114,2020-12-28T10:00:00.000+0000,2024-04-03T20:00:00.000+0000,INEMA-BA,INEMA-BA,Fluviométrica,1,111639090 - AÇUDE ARACI MONTANTE (OLARIA DO CAPISTANA),,False,False,False,S 11° 16' 17.04'',W 39° 9' 52.92'',28/12/2020 à 03/04/2024,,,6.0,,,
"{'horEstacao': 111639090, 'horDataHora': '2023-10-20T10:00:00.000+0000'}",50496600,50496600,50496600,,AÇUDE ARACI MONTANTE (OLARIA DO CAPISTANA),-11.2714,-39.1647,,2024-02-09T15:23:11.640+0000,5,"5 - Atlântico, Trecho Leste","50 - RIOS VAZA-BARRIS,ITAPICURU E .",RIO ITAPICURU,BAHIA,ARACI,50,50500000,16,16021000,114,114,2020-12-28T10:00:00.000+0000,2024-04-03T20:00:00.000+0000,INEMA-BA,INEMA-BA,Fluviométrica,1,111639090 - AÇUDE ARACI MONTANTE (OLARIA DO CAPISTANA),,False,False,False,S 11° 16' 17.04'',W 39° 9' 52.92'',28/12/2020 à 03/04/2024,,,6.0,,,
"{'horEstacao': 111639090, 'horDataHora': '2023-10-21T10:00:00.000+0000'}",50496600,50496600,50496600,,AÇUDE ARACI MONTANTE (OLARIA DO CAPISTANA),-11.2714,-39.1647,,2024-02-09T15:23:11.640+0000,5,"5 - Atlântico, Trecho Leste","50 - RIOS VAZA-BARRIS,ITAPICURU E .",RIO ITAPICURU,BAHIA,ARACI,50,50500000,16,16021000,114,114,2020-12-28T10:00:00.000+0000,2024-04-03T20:00:00.000+0000,INEMA-BA,INEMA-BA,Fluviométrica,1,111639090 - AÇUDE ARACI MONTANTE (OLARIA DO CAPISTANA),,False,False,False,S 11° 16' 17.04'',W 39° 9' 52.92'',28/12/2020 à 03/04/2024,,,6.0,,,
"{'horEstacao': 111639090, 'horDataHora': '2023-10-21T20:00:00.000+0000'}",50496600,50496600,50496600,,AÇUDE ARACI MONTANTE (OLARIA DO CAPISTANA),-11.2714,-39.1647,,2024-02-09T15:23:11.640+0000,5,"5 - Atlântico, Trecho Leste","50 - RIOS VAZA-BARRIS,ITAPICURU E .",RIO ITAPICURU,BAHIA,ARACI,50,50500000,16,16021000,114,114,2020-12-28T10:00:00.000+0000,2024-04-03T20:00:00.000+0000,INEMA-BA,INEMA-BA,Fluviométrica,1,111639090 - AÇUDE ARACI MONTANTE (OLARIA DO CAPISTANA),,False,False,False,S 11° 16' 17.04'',W 39° 9' 52.92'',28/12/2020 à 03/04/2024,,,6.0,,,
"{'horEstacao': 111639090, 'horDataHora': '2023-10-22T10:00:00.000+0000'}",50496600,50496600,50496600,,AÇUDE ARACI MONTANTE (OLARIA DO CAPISTANA),-11.2714,-39.1647,,2024-02-09T15:23:11.640+0000,5,"5 - Atlântico, Trecho Leste","50 - RIOS VAZA-BARRIS,ITAPICURU E .",RIO ITAPICURU,BAHIA,ARACI,50,50500000,16,16021000,114,114,2020-12-28T10:00:00.000+0000,2024-04-03T20:00:00.000+0000,INEMA-BA,INEMA-BA,Fluviométrica,1,111639090 - AÇUDE ARACI MONTANTE (OLARIA DO CAPISTANA),,False,False,False,S 11° 16' 17.04'',W 39° 9' 52.92'',28/12/2020 à 03/04/2024,,,6.0,,,
"{'horEstacao': 111639090, 'horDataHora': '2023-11-01T10:00:00.000+0000'}",50496600,50496600,50496600,,AÇUDE ARACI MONTANTE (OLARIA DO CAPISTANA),-11.2714,-39.1647,,2024-02-09T15:23:11.640+0000,5,"5 - Atlântico, Trecho Leste","50 - RIOS VAZA-BARRIS,ITAPICURU E .",RIO ITAPICURU,BAHIA,ARACI,50,50500000,16,16021000,114,114,2020-12-28T10:00:00.000+0000,2024-04-03T20:00:00.000+0000,INEMA-BA,INEMA-BA,Fluviométrica,1,111639090 - AÇUDE ARACI MONTANTE (OLARIA DO CAPISTANA),,False,False,False,S 11° 16' 17.04'',W 39° 9' 52.92'',28/12/2020 à 03/04/2024,,,6.0,,,
"{'horEstacao': 111639090, 'horDataHora': '2023-11-01T20:00:00.000+0000'}",50496600,50496600,50496600,,AÇUDE ARACI MONTANTE (OLARIA DO CAPISTANA),-11.2714,-39.1647,,2024-02-09T15:23:11.640+0000,5,"5 - Atlântico, Trecho Leste","50 - RIOS VAZA-BARRIS,ITAPICURU E .",RIO ITAPICURU,BAHIA,ARACI,50,50500000,16,16021000,114,114,2020-12-28T10:00:00.000+0000,2024-04-03T20:00:00.000+0000,INEMA-BA,INEMA-BA,Fluviométrica,1,111639090 - AÇUDE ARACI MONTANTE (OLARIA DO CAPISTANA),,False,False,False,S 11° 16' 17.04'',W 39° 9' 52.92'',28/12/2020 à 03/04/2024,,,6.0,,,
"{'horEstacao': 111639090, 'horDataHora': '2023-11-02T10:00:00.000+0000'}",50496600,50496600,50496600,,AÇUDE ARACI MONTANTE (OLARIA DO CAPISTANA),-11.2714,-39.1647,,2024-02-09T15:23:11.640+0000,5,"5 - Atlântico, Trecho Leste","50 - RIOS VAZA-BARRIS,ITAPICURU E .",RIO ITAPICURU,BAHIA,ARACI,50,50500000,16,16021000,114,114,2020-12-28T10:00:00.000+0000,2024-04-03T20:00:00.000+0000,INEMA-BA,INEMA-BA,Fluviométrica,1,111639090 - AÇUDE ARACI MONTANTE (OLARIA DO CAPISTANA),,False,False,False,S 11° 16' 17.04'',W 39° 9' 52.92'',28/12/2020 à 03/04/2024,,,6.0,,,
"{'horEstacao': 111639090, 'horDataHora': '2023-11-02T20:00:00.000+0000'}",50496600,50496600,50496600,,AÇUDE ARACI MONTANTE (OLARIA DO CAPISTANA),-11.2714,-39.1647,,2024-02-09T15:23:11.640+0000,5,"5 - Atlântico, Trecho Leste","50 - RIOS VAZA-BARRIS,ITAPICURU E .",RIO ITAPICURU,BAHIA,ARACI,50,50500000,16,16021000,114,114,2020-12-28T10:00:00.000+0000,2024-04-03T20:00:00.000+0000,INEMA-BA,INEMA-BA,Fluviométrica,1,111639090 - AÇUDE ARACI MONTANTE (OLARIA DO CAPISTANA),,False,False,False,S 11° 16' 17.04'',W 39° 9' 52.92'',28/12/2020 à 03/04/2024,,,6.0,,,
"{'horEstacao': 111639090, 'horDataHora': '2023-11-03T10:00:00.000+0000'}",50496600,50496600,50496600,,AÇUDE ARACI MONTANTE (OLARIA DO CAPISTANA),-11.2714,-39.1647,,2024-02-09T15:23:11.640+0000,5,"5 - Atlântico, Trecho Leste","50 - RIOS VAZA-BARRIS,ITAPICURU E .",RIO ITAPICURU,BAHIA,ARACI,50,50500000,16,16021000,114,114,2020-12-28T10:00:00.000+0000,2024-04-03T20:00:00.000+0000,INEMA-BA,INEMA-BA,Fluviométrica,1,111639090 - AÇUDE ARACI MONTANTE (OLARIA DO CAPISTANA),,False,False,False,S 11° 16' 17.04'',W 39° 9' 52.92'',28/12/2020 à 03/04/2024,,,6.0,,,
"{'horEstacao': 111639090, 'horDataHora': '2023-11-03T20:00:00.000+0000'}",50496600,50496600,50496600,,AÇUDE ARACI MONTANTE (OLARIA DO CAPISTANA),-11.2714,-39.1647,,2024-02-09T15:23:11.640+0000,5,"5 - Atlântico, Trecho Leste","50 - RIOS VAZA-BARRIS,ITAPICURU E .",RIO ITAPICURU,BAHIA,ARACI,50,50500000,16,16021000,114,114,2020-12-28T10:00:00.000+0000,2024-04-03T20:00:00.000+0000,INEMA-BA,INEMA-BA,Fluviométrica,1,111639090 - AÇUDE ARACI MONTANTE (OLARIA DO CAPISTANA),,False,False,False,S 11° 16' 17.04'',W 39° 9' 52.92'',28/12/2020 à 03/04/2024,,,6.0,,,
"{'horEstacao': 111639090, 'horDataHora': '2023-11-04T10:00:00.000+0000'}",50496600,50496600,50496600,,AÇUDE ARACI MONTANTE (OLARIA DO CAPISTANA),-11.2714,-39.1647,,2024-02-09T15:23:11.640+0000,5,"5 - Atlântico, Trecho Leste","50 - RIOS VAZA-BARRIS,ITAPICURU E .",RIO ITAPICURU,BAHIA,ARACI,50,50500000,16,16021000,114,114,2020-12-28T10:00:00.000+0000,2024-04-03T20:00:00.000+0000,INEMA-BA,INEMA-BA,Fluviométrica,1,111639090 - AÇUDE ARACI MONTANTE (OLARIA DO CAPISTANA),,False,False,False,S 11° 16' 17.04'',W 39° 9' 52.92'',28/12/2020 à 03/04/2024,,,6.0,,,
"{'horEstacao': 111639090, 'horDataHora': '2023-11-04T20:00:00.000+0000'}",50496600,50496600,50496600,,AÇUDE ARACI MONTANTE (OLARIA DO CAPISTANA),-11.2714,-39.1647,,2024-02-09T15:23:11.640+0000,5,"5 - Atlântico, Trecho Leste","50 - RIOS VAZA-BARRIS,ITAPICURU E .",RIO ITAPICURU,BAHIA,ARACI,50,50500000,16,16021000,114,114,2020-12-28T10:00:00.000+0000,2024-04-03T20:00:00.000+0000,INEMA-BA,INEMA-BA,Fluviométrica,1,111639090 - AÇUDE ARACI MONTANTE (OLARIA DO CAPISTANA),,False,False,False,S 11° 16' 17.04'',W 39° 9' 52.92'',28/12/2020 à 03/04/2024,,,6.0,,,
"{'horEstacao': 111639090, 'horDataHora': '2023-11-05T10:00:00.000+0000'}",50496600,50496600,50496600,,AÇUDE ARACI MONTANTE (OLARIA DO CAPISTANA),-11.2714,-39.1647,,2024-02-09T15:23:11.640+0000,5,"5 - Atlântico, Trecho Leste","50 - RIOS VAZA-BARRIS,ITAPICURU E .",RIO ITAPICURU,BAHIA,ARACI,50,50500000,16,16021000,114,114,2020-12-28T10:00:00.000+0000,2024-04-03T20:00:00.000+0000,INEMA-BA,INEMA-BA,Fluviométrica,1,111639090 - AÇUDE ARACI MONTANTE (OLARIA DO CAPISTANA),,False,False,False,S 11° 16' 17.04'',W 39° 9' 52.92'',28/12/2020 à 03/04/2024,,,6.0,,,
"{'horEstacao': 111639090, 'horDataHora': '2023-11-05T20:00:00.000+0000'}",50496600,50496600,50496600,,AÇUDE ARACI MONTANTE (OLARIA DO CAPISTANA),-11.2714,-39.1647,,2024-02-09T15:23:11.640+0000,5,"5 - Atlântico, Trecho Leste","50 - RIOS VAZA-BARRIS,ITAPICURU E .",RIO ITAPICURU,BAHIA,ARACI,50,50500000,16,16021000,114,114,2020-12-28T10:00:00.000+0000,2024-04-03T20:00:00.000+0000,INEMA-BA,INEMA-BA,Fluviométrica,1,111639090 - AÇUDE ARACI MONTANTE (OLARIA DO CAPISTANA),,False,False,False,S 11° 16' 17.04'',W 39° 9' 52.92'',28/12/2020 à 03/04/2024,,,6.0,,,
"{'horEstacao': 111639090, 'horDataHora': '2023-11-06T10:00:00.000+0000'}",50496600,50496600,50496600,,AÇUDE ARACI MONTANTE (OLARIA DO CAPISTANA),-11.2714,-39.1647,,2024-02-09T15:23:11.640+0000,5,"5 - Atlântico, Trecho Leste","50 - RIOS VAZA-BARRIS,ITAPICURU E .",RIO ITAPICURU,BAHIA,ARACI,50,50500000,16,16021000,114,114,2020-12-28T10:00:00.000+0000,2024-04-03T20:00:00.000+0000,INEMA-BA,INEMA-BA,Fluviométrica,1,111639090 - AÇUDE ARACI MONTANTE (OLARIA DO CAPISTANA),,False,False,False,S 11° 16' 17.04'',W 39° 9' 52.92'',28/12/2020 à 03/04/2024,,,6.0,,,
"{'horEstacao': 111639090, 'horDataHora': '2023-11-07T10:00:00.000+0000'}",50496600,50496600,50496600,,AÇUDE ARACI MONTANTE (OLARIA DO CAPISTANA),-11.2714,-39.1647,,2024-02-09T15:23:11.640+0000,5,"5 - Atlântico, Trecho Leste","50 - RIOS VAZA-BARRIS,ITAPICURU E .",RIO ITAPICURU,BAHIA,ARACI,50,50500000,16,16021000,114,114,2020-12-28T10:00:00.000+0000,2024-04-03T20:00:00.000+0000,INEMA-BA,INEMA-BA,Fluviométrica,1,111639090 - AÇUDE ARACI MONTANTE (OLARIA DO CAPISTANA),,False,False,False,S 11° 16' 17.04'',W 39° 9' 52.92'',28/12/2020 à 03/04/2024,,,6.0,,,
"{'horEstacao': 111639090, 'horDataHora': '2023-11-07T20:00:00.000+0000'}",50496600,50496600,50496600,,AÇUDE ARACI MONTANTE (OLARIA DO CAPISTANA),-11.2714,-39.1647,,2024-02-09T15:23:11.640+0000,5,"5 - Atlântico, Trecho Leste","50 - RIOS VAZA-BARRIS,ITAPICURU E .",RIO ITAPICURU,BAHIA,ARACI,50,50500000,16,16021000,114,114,2020-12-28T10:00:00.000+0000,2024-04-03T20:00:00.000+0000,INEMA-BA,INEMA-BA,Fluviométrica,1,111639090 - AÇUDE ARACI MONTANTE (OLARIA DO CAPISTANA),,False,False,False,S 11° 16' 17.04'',W 39° 9' 52.92'',28/12/2020 à 03/04/2024,,,6.0,,,
"{'horEstacao': 111639090, 'horDataHora': '2023-11-08T10:00:00.000+0000'}",50496600,50496600,50496600,,AÇUDE ARACI MONTANTE (OLARIA DO CAPISTANA),-11.2714,-39.1647,,2024-02-09T15:23:11.640+0000,5,"5 - Atlântico, Trecho Leste","50 - RIOS VAZA-BARRIS,ITAPICURU E .",RIO ITAPICURU,BAHIA,ARACI,50,50500000,16,16021000,114,114,2020-12-28T10:00:00.000+0000,2024-04-03T20:00:00.000+0000,INEMA-BA,INEMA-BA,Fluviométrica,1,111639090 - AÇUDE ARACI MONTANTE (OLARIA DO CAPISTANA),,False,False,False,S 11° 16' 17.04'',W 39° 9' 52.92'',28/12/2020 à 03/04/2024,,,6.0,,,
"{'horEstacao': 111639090, 'horDataHora': '2023-11-08T20:00:00.000+0000'}",50496600,50496600,50496600,,AÇUDE ARACI MONTANTE (OLARIA DO CAPISTANA),-11.2714,-39.1647,,2024-02-09T15:23:11.640+0000,5,"5 - Atlântico, Trecho Leste","50 - RIOS VAZA-BARRIS,ITAPICURU E .",RIO ITAPICURU,BAHIA,ARACI,50,50500000,16,16021000,114,114,2020-12-28T10:00:00.000+0000,2024-04-03T20:00:00.000+0000,INEMA-BA,INEMA-BA,Fluviométrica,1,111639090 - AÇUDE ARACI MONTANTE (OLARIA DO CAPISTANA),,False,False,False,S 11° 16' 17.04'',W 39° 9' 52.92'',28/12/2020 à 03/04/2024,,,6.0,,,
"{'horEstacao': 111639090, 'horDataHora': '2023-11-09T10:00:00.000+0000'}",50496600,50496600,50496600,,AÇUDE ARACI MONTANTE (OLARIA DO CAPISTANA),-11.2714,-39.1647,,2024-02-09T15:23:11.640+0000,5,"5 - Atlântico, Trecho Leste","50 - RIOS VAZA-BARRIS,ITAPICURU E .",RIO ITAPICURU,BAHIA,ARACI,50,50500000,16,16021000,114,114,2020-12-28T10:00:00.000+0000,2024-04-03T20:00:00.000+0000,INEMA-BA,INEMA-BA,Fluviométrica,1,111639090 - AÇUDE ARACI MONTANTE (OLARIA DO CAPISTANA),,False,False,False,S 11° 16' 17.04'',W 39° 9' 52.92'',28/12/2020 à 03/04/2024,,,6.0,,,
"{'horEstacao': 111639090, 'horDataHora': '2023-11-09T20:00:00.000+0000'}",50496600,50496600,50496600,,AÇUDE ARACI MONTANTE (OLARIA DO CAPISTANA),-11.2714,-39.1647,,2024-02-09T15:23:11.640+0000,5,"5 - Atlântico, Trecho Leste","50 - RIOS VAZA-BARRIS,ITAPICURU E .",RIO ITAPICURU,BAHIA,ARACI,50,50500000,16,16021000,114,114,2020-12-28T10:00:00.000+0000,2024-04-03T20:00:00.000+0000,INEMA-BA,INEMA-BA,Fluviométrica,1,111639090 - AÇUDE ARACI MONTANTE (OLARIA DO CAPISTANA),,False,False,False,S 11° 16' 17.04'',W 39° 9' 52.92'',28/12/2020 à 03/04/2024,,,6.0,,,
"{'horEstacao': 111639090, 'horDataHora': '2023-11-10T10:00:00.000+0000'}",50496600,50496600,50496600,,AÇUDE ARACI MONTANTE (OLARIA DO CAPISTANA),-11.2714,-39.1647,,2024-02-09T15:23:11.640+0000,5,"5 - Atlântico, Trecho Leste","50 - RIOS VAZA-BARRIS,ITAPICURU E .",RIO ITAPICURU,BAHIA,ARACI,50,50500000,16,16021000,114,114,2020-12-28T10:00:00.000+0000,2024-04-03T20:00:00.000+0000,INEMA-BA,INEMA-BA,Fluviométrica,1,111639090 - AÇUDE ARACI MONTANTE (OLARIA DO CAPISTANA),,False,False,False,S 11° 16' 17.04'',W 39° 9' 52.92'',28/12/2020 à 03/04/2024,,,6.0,,,
"{'horEstacao': 111639090, 'horDataHora': '2023-11-10T20:00:00.000+0000'}",50496600,50496600,50496600,,AÇUDE ARACI MONTANTE (OLARIA DO CAPISTANA),-11.2714,-39.1647,,2024-02-09T15:23:11.640+0000,5,"5 - Atlântico, Trecho Leste","50 - RIOS VAZA-BARRIS,ITAPICURU E .",RIO ITAPICURU,BAHIA,ARACI,50,50500000,16,16021000,114,114,2020-12-28T10:00:00.000+0000,2024-04-03T20:00:00.000+0000,INEMA-BA,INEMA-BA,Fluviométrica,1,111639090 - AÇUDE ARACI MONTANTE (OLARIA DO CAPISTANA),,False,False,False,S 11° 16' 17.04'',W 39° 9' 52.92'',28/12/2020 à 03/04/2024,,,6.0,,,
"{'horEstacao': 111639090, 'horDataHora': '2023-11-11T10:00:00.000+0000'}",50496600,50496600,50496600,,AÇUDE ARACI MONTANTE (OLARIA DO CAPISTANA),-11.2714,-39.1647,,2024-02-09T15:23:11.640+0000,5,"5 - Atlântico, Trecho Leste","50 - RIOS VAZA-BARRIS,ITAPICURU E .",RIO ITAPICURU,BAHIA,ARACI,50,50500000,16,16021000,114,114,2020-12-28T10:00:00.000+0000,2024-04-03T20:00:00.000+0000,INEMA-BA,INEMA-BA,Fluviométrica,1,111639090 - AÇUDE ARACI MONTANTE (OLARIA DO CAPISTANA),,False,False,False,S 11° 16' 17.04'',W 39° 9' 52.92'',28/12/2020 à 03/04/2024,,,6.0,,,
"{'horEstacao': 111639090, 'horDataHora': '2023-11-11T20:00:00.000+0000'}",50496600,50496600,50496600,,AÇUDE ARACI MONTANTE (OLARIA DO CAPISTANA),-11.2714,-39.1647,,2024-02-09T15:23:11.640+0000,5,"5 - Atlântico, Trecho Leste","50 - RIOS VAZA-BARRIS,ITAPICURU E .",RIO ITAPICURU,BAHIA,ARACI,50,50500000,16,16021000,114,114,2020-12-28T10:00:00.000+0000,2024-04-03T20:00:00.000+0000,INEMA-BA,INEMA-BA,Fluviométrica,1,111639090 - AÇUDE ARACI MONTANTE (OLARIA DO CAPISTANA),,False,False,False,S 11° 16' 17.04'',W 39° 9' 52.92'',28/12/2020 à 03/04/2024,,,6.0,,,
"{'horEstacao': 111639090, 'horDataHora': '2023-11-12T10:00:00.000+0000'}",50496600,50496600,50496600,,AÇUDE ARACI MONTANTE (OLARIA DO CAPISTANA),-11.2714,-39.1647,,2024-02-09T15:23:11.640+0000,5,"5 - Atlântico, Trecho Leste","50 - RIOS VAZA-BARRIS,ITAPICURU E .",RIO ITAPICURU,BAHIA,ARACI,50,50500000,16,16021000,114,114,2020-12-28T10:00:00.000+0000,2024-04-03T20:00:00.000+0000,INEMA-BA,INEMA-BA,Fluviométrica,1,111639090 - AÇUDE ARACI MONTANTE (OLARIA DO CAPISTANA),,False,False,False,S 11° 16' 17.04'',W 39° 9' 52.92'',28/12/2020 à 03/04/2024,,,6.0,,,
"{'horEstacao': 111639090, 'horDataHora': '2023-11-12T20:00:00.000+0000'}",50496600,50496600,50496600,,AÇUDE ARACI MONTANTE (OLARIA DO CAPISTANA),-11.2714,-39.1647,,2024-02-09T15:23:11.640+0000,5,"5 - Atlântico, Trecho Leste","50 - RIOS VAZA-BARRIS,ITAPICURU E .",RIO ITAPICURU,BAHIA,ARACI,50,50500000,16,16021000,114,114,2020-12-28T10:00:00.000+0000,2024-04-03T20:00:00.000+0000,INEMA-BA,INEMA-BA,Fluviométrica,1,111639090 - AÇUDE ARACI MONTANTE (OLARIA DO CAPISTANA),,False,False,False,S 11° 16' 17.04'',W 39° 9' 52.92'',28/12/2020 à 03/04/2024,,,6.0,,,
"{'horEstacao': 111639090, 'horDataHora': '2023-11-13T10:00:00.000+0000'}",50496600,50496600,50496600,,AÇUDE ARACI MONTANTE (OLARIA DO CAPISTANA),-11.2714,-39.1647,,2024-02-09T15:23:11.640+0000,5,"5 - Atlântico, Trecho Leste","50 - RIOS VAZA-BARRIS,ITAPICURU E .",RIO ITAPICURU,BAHIA,ARACI,50,50500000,16,16021000,114,114,2020-12-28T10:00:00.000+0000,2024-04-03T20:00:00.000+0000,INEMA-BA,INEMA-BA,Fluviométrica,1,111639090 - AÇUDE ARACI MONTANTE (OLARIA DO CAPISTANA),,False,False,False,S 11° 16' 17.04'',W 39° 9' 52.92'',28/12/2020 à 03/04/2024,,,6.0,,,
"{'horEstacao': 111639090, 'horDataHora': '2023-11-13T20:00:00.000+0000'}",50496600,50496600,50496600,,AÇUDE ARACI MONTANTE (OLARIA DO CAPISTANA),-11.2714,-39.1647,,2024-02-09T15:23:11.640+0000,5,"5 - Atlântico, Trecho Leste","50 - RIOS VAZA-BARRIS,ITAPICURU E .",RIO ITAPICURU,BAHIA,ARACI,50,50500000,16,16021000,114,114,2020-12-28T10:00:00.000+0000,2024-04-03T20:00:00.000+0000,INEMA-BA,INEMA-BA,Fluviométrica,1,111639090 - AÇUDE ARACI MONTANTE (OLARIA DO CAPISTANA),,False,False,False,S 11° 16' 17.04'',W 39° 9' 52.92'',28/12/2020 à 03/04/2024,,,6.0,,,
"{'horEstacao': 111639090, 'horDataHora': '2023-11-14T10:00:00.000+0000'}",50496600,50496600,50496600,,AÇUDE ARACI MONTANTE (OLARIA DO CAPISTANA),-11.2714,-39.1647,,2024-02-09T15:23:11.640+0000,5,"5 - Atlântico, Trecho Leste","50 - RIOS VAZA-BARRIS,ITAPICURU E .",RIO ITAPICURU,BAHIA,ARACI,50,50500000,16,16021000,114,114,2020-12-28T10:00:00.000+0000,2024-04-03T20:00:00.000+0000,INEMA-BA,INEMA-BA,Fluviométrica,1,111639090 - AÇUDE ARACI MONTANTE (OLARIA DO CAPISTANA),,False,False,False,S 11° 16' 17.04'',W 39° 9' 52.92'',28/12/2020 à 03/04/2024,,,6.0,,,
"{'horEstacao': 111639090, 'horDataHora': '2023-11-14T20:00:00.000+0000'}",50496600,50496600,50496600,,AÇUDE ARACI MONTANTE (OLARIA DO CAPISTANA),-11.2714,-39.1647,,2024-02-09T15:23:11.640+0000,5,"5 - Atlântico, Trecho Leste","50 - RIOS VAZA-BARRIS,ITAPICURU E .",RIO ITAPICURU,BAHIA,ARACI,50,50500000,16,16021000,114,114,2020-12-28T10:00:00.000+0000,2024-04-03T20:00:00.000+0000,INEMA-BA,INEMA-BA,Fluviométrica,1,111639090 - AÇUDE ARACI MONTANTE (OLARIA DO CAPISTANA),,False,False,False,S 11° 16' 17.04'',W 39° 9' 52.92'',28/12/2020 à 03/04/2024,,,6.0,,,
"{'horEstacao': 111639090, 'horDataHora': '2023-11-15T10:00:00.000+0000'}",50496600,50496600,50496600,,AÇUDE ARACI MONTANTE (OLARIA DO CAPISTANA),-11.2714,-39.1647,,2024-02-09T15:23:11.640+0000,5,"5 - Atlântico, Trecho Leste","50 - RIOS VAZA-BARRIS,ITAPICURU E .",RIO ITAPICURU,BAHIA,ARACI,50,50500000,16,16021000,114,114,2020-12-28T10:00:00.000+0000,2024-04-03T20:00:00.000+0000,INEMA-BA,INEMA-BA,Fluviométrica,1,111639090 - AÇUDE ARACI MONTANTE (OLARIA DO CAPISTANA),,False,False,False,S 11° 16' 17.04'',W 39° 9' 52.92'',28/12/2020 à 03/04/2024,,,6.0,,,
"{'horEstacao': 111639090, 'horDataHora': '2023-11-15T20:00:00.000+0000'}",50496600,50496600,50496600,,AÇUDE ARACI MONTANTE (OLARIA DO CAPISTANA),-11.2714,-39.1647,,2024-02-09T15:23:11.640+0000,5,"5 - Atlântico, Trecho Leste","50 - RIOS VAZA-BARRIS,ITAPICURU E .",RIO ITAPICURU,BAHIA,ARACI,50,50500000,16,16021000,114,114,2020-12-28T10:00:00.000+0000,2024-04-03T20:00:00.000+0000,INEMA-BA,INEMA-BA,Fluviométrica,1,111639090 - AÇUDE ARACI MONTANTE (OLARIA DO CAPISTANA),,False,False,False,S 11° 16' 17.04'',W 39° 9' 52.92'',28/12/2020 à 03/04/2024,,,6.0,,,
"{'horEstacao': 111639090, 'horDataHora': '2023-11-16T10:00:00.000+0000'}",50496600,50496600,50496600,,AÇUDE ARACI MONTANTE (OLARIA DO CAPISTANA),-11.2714,-39.1647,,2024-02-09T15:23:11.640+0000,5,"5 - Atlântico, Trecho Leste","50 - RIOS VAZA-BARRIS,ITAPICURU E .",RIO ITAPICURU,BAHIA,ARACI,50,50500000,16,16021000,114,114,2020-12-28T10:00:00.000+0000,2024-04-03T20:00:00.000+0000,INEMA-BA,INEMA-BA,Fluviométrica,1,111639090 - AÇUDE ARACI MONTANTE (OLARIA DO CAPISTANA),,False,False,False,S 11° 16' 17.04'',W 39° 9' 52.92'',28/12/2020 à 03/04/2024,,,6.0,,,
"{'horEstacao': 111639090, 'horDataHora': '2023-11-16T20:00:00.000+0000'}",50496600,50496600,50496600,,AÇUDE ARACI MONTANTE (OLARIA DO CAPISTANA),-11.2714,-39.1647,,2024-02-09T15:23:11.640+0000,5,"5 - Atlântico, Trecho Leste","50 - RIOS VAZA-BARRIS,ITAPICURU E .",RIO ITAPICURU,BAHIA,ARACI,50,50500000,16,16021000,114,114,2020-12-28T10:00:00.000+0000,2024-04-03T20:00:00.000+0000,INEMA-BA,INEMA-BA,Fluviométrica,1,111639090 - AÇUDE ARACI MONTANTE (OLARIA DO CAPISTANA),,False,False,False,S 11° 16' 17.04'',W 39° 9' 52.92'',28/12/2020 à 03/04/2024,,,6.0,,,
"{'horEstacao': 111639090, 'horDataHora': '2023-11-17T10:00:00.000+0000'}",50496600,50496600,50496600,,AÇUDE ARACI MONTANTE (OLARIA DO CAPISTANA),-11.2714,-39.1647,,2024-02-09T15:23:11.640+0000,5,"5 - Atlântico, Trecho Leste","50 - RIOS VAZA-BARRIS,ITAPICURU E .",RIO ITAPICURU,BAHIA,ARACI,50,50500000,16,16021000,114,114,2020-12-28T10:00:00.000+0000,2024-04-03T20:00:00.000+0000,INEMA-BA,INEMA-BA,Fluviométrica,1,111639090 - AÇUDE ARACI MONTANTE (OLARIA DO CAPISTANA),,False,False,False,S 11° 16' 17.04'',W 39° 9' 52.92'',28/12/2020 à 03/04/2024,,,6.0,,,
"{'horEstacao': 111639090, 'horDataHora': '2023-11-17T20:00:00.000+0000'}",50496600,50496600,50496600,,AÇUDE ARACI MONTANTE (OLARIA DO CAPISTANA),-11.2714,-39.1647,,2024-02-09T15:23:11.640+0000,5,"5 - Atlântico, Trecho Leste","50 - RIOS VAZA-BARRIS,ITAPICURU E .",RIO ITAPICURU,BAHIA,ARACI,50,50500000,16,16021000,114,114,2020-12-28T10:00:00.000+0000,2024-04-03T20:00:00.000+0000,INEMA-BA,INEMA-BA,Fluviométrica,1,111639090 - AÇUDE ARACI MONTANTE (OLARIA DO CAPISTANA),,False,False,False,S 11° 16' 17.04'',W 39° 9' 52.92'',28/12/2020 à 03/04/2024,,,6.0,,,
"{'horEstacao': 111639090, 'horDataHora': '2023-11-18T10:00:00.000+0000'}",50496600,50496600,50496600,,AÇUDE ARACI MONTANTE (OLARIA DO CAPISTANA),-11.2714,-39.1647,,2024-02-09T15:23:11.640+0000,5,"5 - Atlântico, Trecho Leste","50 - RIOS VAZA-BARRIS,ITAPICURU E .",RIO ITAPICURU,BAHIA,ARACI,50,50500000,16,16021000,114,114,2020-12-28T10:00:00.000+0000,2024-04-03T20:00:00.000+0000,INEMA-BA,INEMA-BA,Fluviométrica,1,111639090 - AÇUDE ARACI MONTANTE (OLARIA DO CAPISTANA),,False,False,False,S 11° 16' 17.04'',W 39° 9' 52.92'',28/12/2020 à 03/04/2024,,,6.0,,,
"{'horEstacao': 111639090, 'horDataHora': '2023-11-18T20:00:00.000+0000'}",50496600,50496600,50496600,,AÇUDE ARACI MONTANTE (OLARIA DO CAPISTANA),-11.2714,-39.1647,,2024-02-09T15:23:11.640+0000,5,"5 - Atlântico, Trecho Leste","50 - RIOS VAZA-BARRIS,ITAPICURU E .",RIO ITAPICURU,BAHIA,ARACI,50,50500000,16,16021000,114,114,2020-12-28T10:00:00.000+0000,2024-04-03T20:00:00.000+0000,INEMA-BA,INEMA-BA,Fluviométrica,1,111639090 - AÇUDE ARACI MONTANTE (OLARIA DO CAPISTANA),,False,False,False,S 11° 16' 17.04'',W 39° 9' 52.92'',28/12/2020 à 03/04/2024,,,6.0,,,
"{'horEstacao': 111639090, 'horDataHora': '2023-11-19T10:00:00.000+0000'}",50496600,50496600,50496600,,AÇUDE ARACI MONTANTE (OLARIA DO CAPISTANA),-11.2714,-39.1647,,2024-02-09T15:23:11.640+0000,5,"5 - Atlântico, Trecho Leste","50 - RIOS VAZA-BARRIS,ITAPICURU E .",RIO ITAPICURU,BAHIA,ARACI,50,50500000,16,16021000,114,114,2020-12-28T10:00:00.000+0000,2024-04-03T20:00:00.000+0000,INEMA-BA,INEMA-BA,Fluviométrica,1,111639090 - AÇUDE ARACI MONTANTE (OLARIA DO CAPISTANA),,False,False,False,S 11° 16' 17.04'',W 39° 9' 52.92'',28/12/2020 à 03/04/2024,,,6.0,,,
"{'horEstacao': 111639090, 'horDataHora': '2023-11-19T20:00:00.000+0000'}",50496600,50496600,50496600,,AÇUDE ARACI MONTANTE (OLARIA DO CAPISTANA),-11.2714,-39.1647,,2024-02-09T15:23:11.640+0000,5,"5 - Atlântico, Trecho Leste","50 - RIOS VAZA-BARRIS,ITAPICURU E .",RIO ITAPICURU,BAHIA,ARACI,50,50500000,16,16021000,114,114,2020-12-28T10:00:00.000+0000,2024-04-03T20:00:00.000+0000,INEMA-BA,INEMA-BA,Fluviométrica,1,111639090 - AÇUDE ARACI MONTANTE (OLARIA DO CAPISTANA),,False,False,False,S 11° 16' 17.04'',W 39° 9' 52.92'',28/12/2020 à 03/04/2024,,,6.0,,,
"{'horEstacao': 111639090, 'horDataHora': '2023-11-20T10:00:00.000+0000'}",50496600,50496600,50496600,,AÇUDE ARACI MONTANTE (OLARIA DO CAPISTANA),-11.2714,-39.1647,,2024-02-09T15:23:11.640+0000,5,"5 - Atlântico, Trecho Leste","50 - RIOS VAZA-BARRIS,ITAPICURU E .",RIO ITAPICURU,BAHIA,ARACI,50,50500000,16,16021000,114,114,2020-12-28T10:00:00.000+0000,2024-04-03T20:00:00.000+0000,INEMA-BA,INEMA-BA,Fluviométrica,1,111639090 - AÇUDE ARACI MONTANTE (OLARIA DO CAPISTANA),,False,False,False,S 11° 16' 17.04'',W 39° 9' 52.92'',28/12/2020 à 03/04/2024,,,6.0,,,
"{'horEstacao': 111639090, 'horDataHora': '2023-11-20T20:00:00.000+0000'}",50496600,50496600,50496600,,AÇUDE ARACI MONTANTE (OLARIA DO CAPISTANA),-11.2714,-39.1647,,2024-02-09T15:23:11.640+0000,5,"5 - Atlântico, Trecho Leste","50 - RIOS VAZA-BARRIS,ITAPICURU E .",RIO ITAPICURU,BAHIA,ARACI,50,50500000,16,16021000,114,114,2020-12-28T10:00:00.000+0000,2024-04-03T20:00:00.000+0000,INEMA-BA,INEMA-BA,Fluviométrica,1,111639090 - AÇUDE ARACI MONTANTE (OLARIA DO CAPISTANA),,False,False,False,S 11° 16' 17.04'',W 39° 9' 52.92'',28/12/2020 à 03/04/2024,,,6.0,,,
"{'horEstacao': 111639090, 'horDataHora': '2023-11-21T10:00:00.000+0000'}",50496600,50496600,50496600,,AÇUDE ARACI MONTANTE (OLARIA DO CAPISTANA),-11.2714,-39.1647,,2024-02-09T15:23:11.640+0000,5,"5 - Atlântico, Trecho Leste","50 - RIOS VAZA-BARRIS,ITAPICURU E .",RIO ITAPICURU,BAHIA,ARACI,50,50500000,16,16021000,114,114,2020-12-28T10:00:00.000+0000,2024-04-03T20:00:00.000+0000,INEMA-BA,INEMA-BA,Fluviométrica,1,111639090 - AÇUDE ARACI MONTANTE (OLARIA DO CAPISTANA),,False,False,False,S 11° 16' 17.04'',W 39° 9' 52.92'',28/12/2020 à 03/04/2024,,,6.0,,,
"{'horEstacao': 111639090, 'horDataHora': '2023-11-21T20:00:00.000+0000'}",50496600,50496600,50496600,,AÇUDE ARACI MONTANTE (OLARIA DO CAPISTANA),-11.2714,-39.1647,,2024-02-09T15:23:11.640+0000,5,"5 - Atlântico, Trecho Leste","50 - RIOS VAZA-BARRIS,ITAPICURU E .",RIO ITAPICURU,BAHIA,ARACI,50,50500000,16,16021000,114,114,2020-12-28T10:00:00.000+0000,2024-04-03T20:00:00.000+0000,INEMA-BA,INEMA-BA,Fluviométrica,1,111639090 - AÇUDE ARACI MONTANTE (OLARIA DO CAPISTANA),,False,False,False,S 11° 16' 17.04'',W 39° 9' 52.92'',28/12/2020 à 03/04/2024,,,6.0,,,
"{'horEstacao': 111639090, 'horDataHora': '2023-11-22T10:00:00.000+0000'}",50496600,50496600,50496600,,AÇUDE ARACI MONTANTE (OLARIA DO CAPISTANA),-11.2714,-39.1647,,2024-02-09T15:23:11.640+0000,5,"5 - Atlântico, Trecho Leste","50 - RIOS VAZA-BARRIS,ITAPICURU E .",RIO ITAPICURU,BAHIA,ARACI,50,50500000,16,16021000,114,114,2020-12-28T10:00:00.000+0000,2024-04-03T20:00:00.000+0000,INEMA-BA,INEMA-BA,Fluviométrica,1,111639090 - AÇUDE ARACI MONTANTE (OLARIA DO CAPISTANA),,False,False,False,S 11° 16' 17.04'',W 39° 9' 52.92'',28/12/2020 à 03/04/2024,,,6.0,,,
"{'horEstacao': 111639090, 'horDataHora': '2023-11-22T20:00:00.000+0000'}",50496600,50496600,50496600,,AÇUDE ARACI MONTANTE (OLARIA DO CAPISTANA),-11.2714,-39.1647,,2024-02-09T15:23:11.640+0000,5,"5 - Atlântico, Trecho Leste","50 - RIOS VAZA-BARRIS,ITAPICURU E .",RIO ITAPICURU,BAHIA,ARACI,50,50500000,16,16021000,114,114,2020-12-28T10:00:00.000+0000,2024-04-03T20:00:00.000+0000,INEMA-BA,INEMA-BA,Fluviométrica,1,111639090 - AÇUDE ARACI MONTANTE (OLARIA DO CAPISTANA),,False,False,False,S 11° 16' 17.04'',W 39° 9' 52.92'',28/12/2020 à 03/04/2024,,,6.0,,,
"{'horEstacao': 111639090, 'horDataHora': '2023-11-23T10:00:00.000+0000'}",50496600,50496600,50496600,,AÇUDE ARACI MONTANTE (OLARIA DO CAPISTANA),-11.2714,-39.1647,,2024-02-09T15:23:11.640+0000,5,"5 - Atlântico, Trecho Leste","50 - RIOS VAZA-BARRIS,ITAPICURU E .",RIO ITAPICURU,BAHIA,ARACI,50,50500000,16,16021000,114,114,2020-12-28T10:00:00.000+0000,2024-04-03T20:00:00.000+0000,INEMA-BA,INEMA-BA,Fluviométrica,1,111639090 - AÇUDE ARACI MONTANTE (OLARIA DO CAPISTANA),,False,False,False,S 11° 16' 17.04'',W 39° 9' 52.92'',28/12/2020 à 03/04/2024,,,6.0,,,
"{'horEstacao': 111639090, 'horDataHora': '2023-11-23T20:00:00.000+0000'}",50496600,50496600,50496600,,AÇUDE ARACI MONTANTE (OLARIA DO CAPISTANA),-11.2714,-39.1647,,2024-02-09T15:23:11.640+0000,5,"5 - Atlântico, Trecho Leste","50 - RIOS VAZA-BARRIS,ITAPICURU E .",RIO ITAPICURU,BAHIA,ARACI,50,50500000,16,16021000,114,114,2020-12-28T10:00:00.000+0000,2024-04-03T20:00:00.000+0000,INEMA-BA,INEMA-BA,Fluviométrica,1,111639090 - AÇUDE ARACI MONTANTE (OLARIA DO CAPISTANA),,False,False,False,S 11° 16' 17.04'',W 39° 9' 52.92'',28/12/2020 à 03/04/2024,,,6.0,,,
"{'horEstacao': 111639090, 'horDataHora': '2023-11-24T10:00:00.000+0000'}",50496600,50496600,50496600,,AÇUDE ARACI MONTANTE (OLARIA DO CAPISTANA),-11.2714,-39.1647,,2024-02-09T15:23:11.640+0000,5,"5 - Atlântico, Trecho Leste","50 - RIOS VAZA-BARRIS,ITAPICURU E .",RIO ITAPICURU,BAHIA,ARACI,50,50500000,16,16021000,114,114,2020-12-28T10:00:00.000+0000,2024-04-03T20:00:00.000+0000,INEMA-BA,INEMA-BA,Fluviométrica,1,111639090 - AÇUDE ARACI MONTANTE (OLARIA DO CAPISTANA),,False,False,False,S 11° 16' 17.04'',W 39° 9' 52.92'',28/12/2020 à 03/04/2024,,,6.0,,,
"{'horEstacao': 111639090, 'horDataHora': '2023-11-24T20:00:00.000+0000'}",50496600,50496600,50496600,,AÇUDE ARACI MONTANTE (OLARIA DO CAPISTANA),-11.2714,-39.1647,,2024-02-09T15:23:11.640+0000,5,"5 - Atlântico, Trecho Leste","50 - RIOS VAZA-BARRIS,ITAPICURU E .",RIO ITAPICURU,BAHIA,ARACI,50,50500000,16,16021000,114,114,2020-12-28T10:00:00.000+0000,2024-04-03T20:00:00.000+0000,INEMA-BA,INEMA-BA,Fluviométrica,1,111639090 - AÇUDE ARACI MONTANTE (OLARIA DO CAPISTANA),,False,False,False,S 11° 16' 17.04'',W 39° 9' 52.92'',28/12/2020 à 03/04/2024,,,6.0,,,
"{'horEstacao': 111639090, 'horDataHora': '2023-11-25T10:00:00.000+0000'}",50496600,50496600,50496600,,AÇUDE ARACI MONTANTE (OLARIA DO CAPISTANA),-11.2714,-39.1647,,2024-02-09T15:23:11.640+0000,5,"5 - Atlântico, Trecho Leste","50 - RIOS VAZA-BARRIS,ITAPICURU E .",RIO ITAPICURU,BAHIA,ARACI,50,50500000,16,16021000,114,114,2020-12-28T10:00:00.000+0000,2024-04-03T20:00:00.000+0000,INEMA-BA,INEMA-BA,Fluviométrica,1,111639090 - AÇUDE ARACI MONTANTE (OLARIA DO CAPISTANA),,False,False,False,S 11° 16' 17.04'',W 39° 9' 52.92'',28/12/2020 à 03/04/2024,,,6.0,,,
"{'horEstacao': 111639090, 'horDataHora': '2023-11-25T20:00:00.000+0000'}",50496600,50496600,50496600,,AÇUDE ARACI MONTANTE (OLARIA DO CAPISTANA),-11.2714,-39.1647,,2024-02-09T15:23:11.640+0000,5,"5 - Atlântico, Trecho Leste","50 - RIOS VAZA-BARRIS,ITAPICURU E .",RIO ITAPICURU,BAHIA,ARACI,50,50500000,16,16021000,114,114,2020-12-28T10:00:00.000+0000,2024-04-03T20:00:00.000+0000,INEMA-BA,INEMA-BA,Fluviométrica,1,111639090 - AÇUDE ARACI MONTANTE (OLARIA DO CAPISTANA),,False,False,False,S 11° 16' 17.04'',W 39° 9' 52.92'',28/12/2020 à 03/04/2024,,,6.0,,,
"{'horEstacao': 111639090, 'horDataHora': '2023-11-26T10:00:00.000+0000'}",50496600,50496600,50496600,,AÇUDE ARACI MONTANTE (OLARIA DO CAPISTANA),-11.2714,-39.1647,,2024-02-09T15:23:11.640+0000,5,"5 - Atlântico, Trecho Leste","50 - RIOS VAZA-BARRIS,ITAPICURU E .",RIO ITAPICURU,BAHIA,ARACI,50,50500000,16,16021000,114,114,2020-12-28T10:00:00.000+0000,2024-04-03T20:00:00.000+0000,INEMA-BA,INEMA-BA,Fluviométrica,1,111639090 - AÇUDE ARACI MONTANTE (OLARIA DO CAPISTANA),,False,False,False,S 11° 16' 17.04'',W 39° 9' 52.92'',28/12/2020 à 03/04/2024,,,6.0,,,
"{'horEstacao': 111639090, 'horDataHora': '2023-11-26T20:00:00.000+0000'}",50496600,50496600,50496600,,AÇUDE ARACI MONTANTE (OLARIA DO CAPISTANA),-11.2714,-39.1647,,2024-02-09T15:23:11.640+0000,5,"5 - Atlântico, Trecho Leste","50 - RIOS VAZA-BARRIS,ITAPICURU E .",RIO ITAPICURU,BAHIA,ARACI,50,50500000,16,16021000,114,114,2020-12-28T10:00:00.000+0000,2024-04-03T20:00:00.000+0000,INEMA-BA,INEMA-BA,Fluviométrica,1,111639090 - AÇUDE ARACI MONTANTE (OLARIA DO CAPISTANA),,False,False,False,S 11° 16' 17.04'',W 39° 9' 52.92'',28/12/2020 à 03/04/2024,,,6.0,,,
"{'horEstacao': 111639090, 'horDataHora': '2023-11-27T10:00:00.000+0000'}",50496600,50496600,50496600,,AÇUDE ARACI MONTANTE (OLARIA DO CAPISTANA),-11.2714,-39.1647,,2024-02-09T15:23:11.640+0000,5,"5 - Atlântico, Trecho Leste","50 - RIOS VAZA-BARRIS,ITAPICURU E .",RIO ITAPICURU,BAHIA,ARACI,50,50500000,16,16021000,114,114,2020-12-28T10:00:00.000+0000,2024-04-03T20:00:00.000+0000,INEMA-BA,INEMA-BA,Fluviométrica,1,111639090 - AÇUDE ARACI MONTANTE (OLARIA DO CAPISTANA),,False,False,False,S 11° 16' 17.04'',W 39° 9' 52.92'',28/12/2020 à 03/04/2024,,,6.0,,,
"{'horEstacao': 111639090, 'horDataHora': '2023-11-27T20:00:00.000+0000'}",50496600,50496600,50496600,,AÇUDE ARACI MONTANTE (OLARIA DO CAPISTANA),-11.2714,-39.1647,,2024-02-09T15:23:11.640+0000,5,"5 - Atlântico, Trecho Leste","50 - RIOS VAZA-BARRIS,ITAPICURU E .",RIO ITAPICURU,BAHIA,ARACI,50,50500000,16,16021000,114,114,2020-12-28T10:00:00.000+0000,2024-04-03T20:00:00.000+0000,INEMA-BA,INEMA-BA,Fluviométrica,1,111639090 - AÇUDE ARACI MONTANTE (OLARIA DO CAPISTANA),,False,False,False,S 11° 16' 17.04'',W 39° 9' 52.92'',28/12/2020 à 03/04/2024,,,6.0,,,
"{'horEstacao': 111639090, 'horDataHora': '2023-11-28T10:00:00.000+0000'}",50496600,50496600,50496600,,AÇUDE ARACI MONTANTE (OLARIA DO CAPISTANA),-11.2714,-39.1647,,2024-02-09T15:23:11.640+0000,5,"5 - Atlântico, Trecho Leste","50 - RIOS VAZA-BARRIS,ITAPICURU E .",RIO ITAPICURU,BAHIA,ARACI,50,50500000,16,16021000,114,114,2020-12-28T10:00:00.000+0000,2024-04-03T20:00:00.000+0000,INEMA-BA,INEMA-BA,Fluviométrica,1,111639090 - AÇUDE ARACI MONTANTE (OLARIA DO CAPISTANA),,False,False,False,S 11° 16' 17.04'',W 39° 9' 52.92'',28/12/2020 à 03/04/2024,,,6.0,,,
"{'horEstacao': 111639090, 'horDataHora': '2023-11-28T20:00:00.000+0000'}",50496600,50496600,50496600,,AÇUDE ARACI MONTANTE (OLARIA DO CAPISTANA),-11.2714,-39.1647,,2024-02-09T15:23:11.640+0000,5,"5 - Atlântico, Trecho Leste","50 - RIOS VAZA-BARRIS,ITAPICURU E .",RIO ITAPICURU,BAHIA,ARACI,50,50500000,16,16021000,114,114,2020-12-28T10:00:00.000+0000,2024-04-03T20:00:00.000+0000,INEMA-BA,INEMA-BA,Fluviométrica,1,111639090 - AÇUDE ARACI MONTANTE (OLARIA DO CAPISTANA),,False,False,False,S 11° 16' 17.04'',W 39° 9' 52.92'',28/12/2020 à 03/04/2024,,,6.0,,,
"{'horEstacao': 111639090, 'horDataHora': '2023-11-29T10:00:00.000+0000'}",50496600,50496600,50496600,,AÇUDE ARACI MONTANTE (OLARIA DO CAPISTANA),-11.2714,-39.1647,,2024-02-09T15:23:11.640+0000,5,"5 - Atlântico, Trecho Leste","50 - RIOS VAZA-BARRIS,ITAPICURU E .",RIO ITAPICURU,BAHIA,ARACI,50,50500000,16,16021000,114,114,2020-12-28T10:00:00.000+0000,2024-04-03T20:00:00.000+0000,INEMA-BA,INEMA-BA,Fluviométrica,1,111639090 - AÇUDE ARACI MONTANTE (OLARIA DO CAPISTANA),,False,False,False,S 11° 16' 17.04'',W 39° 9' 52.92'',28/12/2020 à 03/04/2024,,,6.0,,,
"{'horEstacao': 111639090, 'horDataHora': '2023-11-29T20:00:00.000+0000'}",50496600,50496600,50496600,,AÇUDE ARACI MONTANTE (OLARIA DO CAPISTANA),-11.2714,-39.1647,,2024-02-09T15:23:11.640+0000,5,"5 - Atlântico, Trecho Leste","50 - RIOS VAZA-BARRIS,ITAPICURU E .",RIO ITAPICURU,BAHIA,ARACI,50,50500000,16,16021000,114,114,2020-12-28T10:00:00.000+0000,2024-04-03T20:00:00.000+0000,INEMA-BA,INEMA-BA,Fluviométrica,1,111639090 - AÇUDE ARACI MONTANTE (OLARIA DO CAPISTANA),,False,False,False,S 11° 16' 17.04'',W 39° 9' 52.92'',28/12/2020 à 03/04/2024,,,6.0,,,
"{'horEstacao': 111639090, 'horDataHora': '2023-11-30T10:00:00.000+0000'}",50496600,50496600,50496600,,AÇUDE ARACI MONTANTE (OLARIA DO CAPISTANA),-11.2714,-39.1647,,2024-02-09T15:23:11.640+0000,5,"5 - Atlântico, Trecho Leste","50 - RIOS VAZA-BARRIS,ITAPICURU E .",RIO ITAPICURU,BAHIA,ARACI,50,50500000,16,16021000,114,114,2020-12-28T10:00:00.000+0000,2024-04-03T20:00:00.000+0000,INEMA-BA,INEMA-BA,Fluviométrica,1,111639090 - AÇUDE ARACI MONTANTE (OLARIA DO CAPISTANA),,False,False,False,S 11° 16' 17.04'',W 39° 9' 52.92'',28/12/2020 à 03/04/2024,,,6.0,,,
"{'horEstacao': 111639090, 'horDataHora': '2023-12-01T10:00:00.000+0000'}",50496600,50496600,50496600,,AÇUDE ARACI MONTANTE (OLARIA DO CAPISTANA),-11.2714,-39.1647,,2024-02-09T15:23:11.640+0000,5,"5 - Atlântico, Trecho Leste","50 - RIOS VAZA-BARRIS,ITAPICURU E .",RIO ITAPICURU,BAHIA,ARACI,50,50500000,16,16021000,114,114,2020-12-28T10:00:00.000+0000,2024-04-03T20:00:00.000+0000,INEMA-BA,INEMA-BA,Fluviométrica,1,111639090 - AÇUDE ARACI MONTANTE (OLARIA DO CAPISTANA),,False,False,False,S 11° 16' 17.04'',W 39° 9' 52.92'',28/12/2020 à 03/04/2024,,,6.0,,,
"{'horEstacao': 111639090, 'horDataHora': '2023-12-01T20:00:00.000+0000'}",50496600,50496600,50496600,,AÇUDE ARACI MONTANTE (OLARIA DO CAPISTANA),-11.2714,-39.1647,,2024-02-09T15:23:11.640+0000,5,"5 - Atlântico, Trecho Leste","50 - RIOS VAZA-BARRIS,ITAPICURU E .",RIO ITAPICURU,BAHIA,ARACI,50,50500000,16,16021000,114,114,2020-12-28T10:00:00.000+0000,2024-04-03T20:00:00.000+0000,INEMA-BA,INEMA-BA,Fluviométrica,1,111639090 - AÇUDE ARACI MONTANTE (OLARIA DO CAPISTANA),,False,False,False,S 11° 16' 17.04'',W 39° 9' 52.92'',28/12/2020 à 03/04/2024,,,6.0,,,
"{'horEstacao': 111639090, 'horDataHora': '2023-12-02T10:00:00.000+0000'}",50496600,50496600,50496600,,AÇUDE ARACI MONTANTE (OLARIA DO CAPISTANA),-11.2714,-39.1647,,2024-02-09T15:23:11.640+0000,5,"5 - Atlântico, Trecho Leste","50 - RIOS VAZA-BARRIS,ITAPICURU E .",RIO ITAPICURU,BAHIA,ARACI,50,50500000,16,16021000,114,114,2020-12-28T10:00:00.000+0000,2024-04-03T20:00:00.000+0000,INEMA-BA,INEMA-BA,Fluviométrica,1,111639090 - AÇUDE ARACI MONTANTE (OLARIA DO CAPISTANA),,False,False,False,S 11° 16' 17.04'',W 39° 9' 52.92'',28/12/2020 à 03/04/2024,,,6.0,,,
"{'horEstacao': 111639090, 'horDataHora': '2023-12-02T20:00:00.000+0000'}",50496600,50496600,50496600,,AÇUDE ARACI MONTANTE (OLARIA DO CAPISTANA),-11.2714,-39.1647,,2024-02-09T15:23:11.640+0000,5,"5 - Atlântico, Trecho Leste","50 - RIOS VAZA-BARRIS,ITAPICURU E .",RIO ITAPICURU,BAHIA,ARACI,50,50500000,16,16021000,114,114,2020-12-28T10:00:00.000+0000,2024-04-03T20:00:00.000+0000,INEMA-BA,INEMA-BA,Fluviométrica,1,111639090 - AÇUDE ARACI MONTANTE (OLARIA DO CAPISTANA),,False,False,False,S 11° 16' 17.04'',W 39° 9' 52.92'',28/12/2020 à 03/04/2024,,,6.0,,,
"{'horEstacao': 111639090, 'horDataHora': '2023-12-03T10:00:00.000+0000'}",50496600,50496600,50496600,,AÇUDE ARACI MONTANTE (OLARIA DO CAPISTANA),-11.2714,-39.1647,,2024-02-09T15:23:11.640+0000,5,"5 - Atlântico, Trecho Leste","50 - RIOS VAZA-BARRIS,ITAPICURU E .",RIO ITAPICURU,BAHIA,ARACI,50,50500000,16,16021000,114,114,2020-12-28T10:00:00.000+0000,2024-04-03T20:00:00.000+0000,INEMA-BA,INEMA-BA,Fluviométrica,1,111639090 - AÇUDE ARACI MONTANTE (OLARIA DO CAPISTANA),,False,False,False,S 11° 16' 17.04'',W 39° 9' 52.92'',28/12/2020 à 03/04/2024,,,6.0,,,
"{'horEstacao': 111639090, 'horDataHora': '2023-12-03T20:00:00.000+0000'}",50496600,50496600,50496600,,AÇUDE ARACI MONTANTE (OLARIA DO CAPISTANA),-11.2714,-39.1647,,2024-02-09T15:23:11.640+0000,5,"5 - Atlântico, Trecho Leste","50 - RIOS VAZA-BARRIS,ITAPICURU E .",RIO ITAPICURU,BAHIA,ARACI,50,50500000,16,16021000,114,114,2020-12-28T10:00:00.000+0000,2024-04-03T20:00:00.000+0000,INEMA-BA,INEMA-BA,Fluviométrica,1,111639090 - AÇUDE ARACI MONTANTE (OLARIA DO CAPISTANA),,False,False,False,S 11° 16' 17.04'',W 39° 9' 52.92'',28/12/2020 à 03/04/2024,,,0.0,,,
"{'horEstacao': 111639090, 'horDataHora': '2023-12-04T10:00:00.000+0000'}",50496600,50496600,50496600,,AÇUDE ARACI MONTANTE (OLARIA DO CAPISTANA),-11.2714,-39.1647,,2024-02-09T15:23:11.640+0000,5,"5 - Atlântico, Trecho Leste","50 - RIOS VAZA-BARRIS,ITAPICURU E .",RIO ITAPICURU,BAHIA,ARACI,50,50500000,16,16021000,114,114,2020-12-28T10:00:00.000+0000,2024-04-03T20:00:00.000+0000,INEMA-BA,INEMA-BA,Fluviométrica,1,111639090 - AÇUDE ARACI MONTANTE (OLARIA DO CAPISTANA),,False,False,False,S 11° 16' 17.04'',W 39° 9' 52.92'',28/12/2020 à 03/04/2024,,,0.0,,,
"{'horEstacao': 111639090, 'horDataHora': '2023-12-04T20:00:00.000+0000'}",50496600,50496600,50496600,,AÇUDE ARACI MONTANTE (OLARIA DO CAPISTANA),-11.2714,-39.1647,,2024-02-09T15:23:11.640+0000,5,"5 - Atlântico, Trecho Leste","50 - RIOS VAZA-BARRIS,ITAPICURU E .",RIO ITAPICURU,BAHIA,ARACI,50,50500000,16,16021000,114,114,2020-12-28T10:00:00.000+0000,2024-04-03T20:00:00.000+0000,INEMA-BA,INEMA-BA,Fluviométrica,1,111639090 - AÇUDE ARACI MONTANTE (OLARIA DO CAPISTANA),,False,False,False,S 11° 16' 17.04'',W 39° 9' 52.92'',28/12/2020 à 03/04/2024,,,0.0,,,
"{'horEstacao': 111639090, 'horDataHora': '2023-12-05T10:00:00.000+0000'}",50496600,50496600,50496600,,AÇUDE ARACI MONTANTE (OLARIA DO CAPISTANA),-11.2714,-39.1647,,2024-02-09T15:23:11.640+0000,5,"5 - Atlântico, Trecho Leste","50 - RIOS VAZA-BARRIS,ITAPICURU E .",RIO ITAPICURU,BAHIA,ARACI,50,50500000,16,16021000,114,114,2020-12-28T10:00:00.000+0000,2024-04-03T20:00:00.000+0000,INEMA-BA,INEMA-BA,Fluviométrica,1,111639090 - AÇUDE ARACI MONTANTE (OLARIA DO CAPISTANA),,False,False,False,S 11° 16' 17.04'',W 39° 9' 52.92'',28/12/2020 à 03/04/2024,,,0.0,,,
"{'horEstacao': 111639090, 'horDataHora': '2023-12-05T20:00:00.000+0000'}",50496600,50496600,50496600,,AÇUDE ARACI MONTANTE (OLARIA DO CAPISTANA),-11.2714,-39.1647,,2024-02-09T15:23:11.640+0000,5,"5 - Atlântico, Trecho Leste","50 - RIOS VAZA-BARRIS,ITAPICURU E .",RIO ITAPICURU,BAHIA,ARACI,50,50500000,16,16021000,114,114,2020-12-28T10:00:00.000+0000,2024-04-03T20:00:00.000+0000,INEMA-BA,INEMA-BA,Fluviométrica,1,111639090 - AÇUDE ARACI MONTANTE (OLARIA DO CAPISTANA),,False,False,False,S 11° 16' 17.04'',W 39° 9' 52.92'',28/12/2020 à 03/04/2024,,,0.0,,,
"{'horEstacao': 111639090, 'horDataHora': '2023-12-06T10:00:00.000+0000'}",50496600,50496600,50496600,,AÇUDE ARACI MONTANTE (OLARIA DO CAPISTANA),-11.2714,-39.1647,,2024-02-09T15:23:11.640+0000,5,"5 - Atlântico, Trecho Leste","50 - RIOS VAZA-BARRIS,ITAPICURU E .",RIO ITAPICURU,BAHIA,ARACI,50,50500000,16,16021000,114,114,2020-12-28T10:00:00.000+0000,2024-04-03T20:00:00.000+0000,INEMA-BA,INEMA-BA,Fluviométrica,1,111639090 - AÇUDE ARACI MONTANTE (OLARIA DO CAPISTANA),,False,False,False,S 11° 16' 17.04'',W 39° 9' 52.92'',28/12/2020 à 03/04/2024,,,6.0,,,
"{'horEstacao': 111639090, 'horDataHora': '2023-12-06T20:00:00.000+0000'}",50496600,50496600,50496600,,AÇUDE ARACI MONTANTE (OLARIA DO CAPISTANA),-11.2714,-39.1647,,2024-02-09T15:23:11.640+0000,5,"5 - Atlântico, Trecho Leste","50 - RIOS VAZA-BARRIS,ITAPICURU E .",RIO ITAPICURU,BAHIA,ARACI,50,50500000,16,16021000,114,114,2020-12-28T10:00:00.000+0000,2024-04-03T20:00:00.000+0000,INEMA-BA,INEMA-BA,Fluviométrica,1,111639090 - AÇUDE ARACI MONTANTE (OLARIA DO CAPISTANA),,False,False,False,S 11° 16' 17.04'',W 39° 9' 52.92'',28/12/2020 à 03/04/2024,,,6.0,,,
"{'horEstacao': 111639090, 'horDataHora': '2023-12-07T10:00:00.000+0000'}",50496600,50496600,50496600,,AÇUDE ARACI MONTANTE (OLARIA DO CAPISTANA),-11.2714,-39.1647,,2024-02-09T15:23:11.640+0000,5,"5 - Atlântico, Trecho Leste","50 - RIOS VAZA-BARRIS,ITAPICURU E .",RIO ITAPICURU,BAHIA,ARACI,50,50500000,16,16021000,114,114,2020-12-28T10:00:00.000+0000,2024-04-03T20:00:00.000+0000,INEMA-BA,INEMA-BA,Fluviométrica,1,111639090 - AÇUDE ARACI MONTANTE (OLARIA DO CAPISTANA),,False,False,False,S 11° 16' 17.04'',W 39° 9' 52.92'',28/12/2020 à 03/04/2024,,,6.0,,,
"{'horEstacao': 111639090, 'horDataHora': '2023-12-07T20:00:00.000+0000'}",50496600,50496600,50496600,,AÇUDE ARACI MONTANTE (OLARIA DO CAPISTANA),-11.2714,-39.1647,,2024-02-09T15:23:11.640+0000,5,"5 - Atlântico, Trecho Leste","50 - RIOS VAZA-BARRIS,ITAPICURU E .",RIO ITAPICURU,BAHIA,ARACI,50,50500000,16,16021000,114,114,2020-12-28T10:00:00.000+0000,2024-04-03T20:00:00.000+0000,INEMA-BA,INEMA-BA,Fluviométrica,1,111639090 - AÇUDE ARACI MONTANTE (OLARIA DO CAPISTANA),,False,False,False,S 11° 16' 17.04'',W 39° 9' 52.92'',28/12/2020 à 03/04/2024,,,6.0,,,
"{'horEstacao': 111639090, 'horDataHora': '2023-12-08T10:00:00.000+0000'}",50496600,50496600,50496600,,AÇUDE ARACI MONTANTE (OLARIA DO CAPISTANA),-11.2714,-39.1647,,2024-02-09T15:23:11.640+0000,5,"5 - Atlântico, Trecho Leste","50 - RIOS VAZA-BARRIS,ITAPICURU E .",RIO ITAPICURU,BAHIA,ARACI,50,50500000,16,16021000,114,114,2020-12-28T10:00:00.000+0000,2024-04-03T20:00:00.000+0000,INEMA-BA,INEMA-BA,Fluviométrica,1,111639090 - AÇUDE ARACI MONTANTE (OLARIA DO CAPISTANA),,False,False,False,S 11° 16' 17.04'',W 39° 9' 52.92'',28/12/2020 à 03/04/2024,,,6.0,,,
"{'horEstacao': 111639090, 'horDataHora': '2023-12-08T20:00:00.000+0000'}",50496600,50496600,50496600,,AÇUDE ARACI MONTANTE (OLARIA DO CAPISTANA),-11.2714,-39.1647,,2024-02-09T15:23:11.640+0000,5,"5 - Atlântico, Trecho Leste","50 - RIOS VAZA-BARRIS,ITAPICURU E .",RIO ITAPICURU,BAHIA,ARACI,50,50500000,16,16021000,114,114,2020-12-28T10:00:00.000+0000,2024-04-03T20:00:00.000+0000,INEMA-BA,INEMA-BA,Fluviométrica,1,111639090 - AÇUDE ARACI MONTANTE (OLARIA DO CAPISTANA),,False,False,False,S 11° 16' 17.04'',W 39° 9' 52.92'',28/12/2020 à 03/04/2024,,,6.0,,,
"{'horEstacao': 111639090, 'horDataHora': '2023-12-09T10:00:00.000+0000'}",50496600,50496600,50496600,,AÇUDE ARACI MONTANTE (OLARIA DO CAPISTANA),-11.2714,-39.1647,,2024-02-09T15:23:11.640+0000,5,"5 - Atlântico, Trecho Leste","50 - RIOS VAZA-BARRIS,ITAPICURU E .",RIO ITAPICURU,BAHIA,ARACI,50,50500000,16,16021000,114,114,2020-12-28T10:00:00.000+0000,2024-04-03T20:00:00.000+0000,INEMA-BA,INEMA-BA,Fluviométrica,1,111639090 - AÇUDE ARACI MONTANTE (OLARIA DO CAPISTANA),,False,False,False,S 11° 16' 17.04'',W 39° 9' 52.92'',28/12/2020 à 03/04/2024,,,6.0,,,
"{'horEstacao': 111639090, 'horDataHora': '2023-12-09T20:00:00.000+0000'}",50496600,50496600,50496600,,AÇUDE ARACI MONTANTE (OLARIA DO CAPISTANA),-11.2714,-39.1647,,2024-02-09T15:23:11.640+0000,5,"5 - Atlântico, Trecho Leste","50 - RIOS VAZA-BARRIS,ITAPICURU E .",RIO ITAPICURU,BAHIA,ARACI,50,50500000,16,16021000,114,114,2020-12-28T10:00:00.000+0000,2024-04-03T20:00:00.000+0000,INEMA-BA,INEMA-BA,Fluviométrica,1,111639090 - AÇUDE ARACI MONTANTE (OLARIA DO CAPISTANA),,False,False,False,S 11° 16' 17.04'',W 39° 9' 52.92'',28/12/2020 à 03/04/2024,,,6.0,,,
"{'horEstacao': 111639090, 'horDataHora': '2023-12-10T10:00:00.000+0000'}",50496600,50496600,50496600,,AÇUDE ARACI MONTANTE (OLARIA DO CAPISTANA),-11.2714,-39.1647,,2024-02-09T15:23:11.640+0000,5,"5 - Atlântico, Trecho Leste","50 - RIOS VAZA-BARRIS,ITAPICURU E .",RIO ITAPICURU,BAHIA,ARACI,50,50500000,16,16021000,114,114,2020-12-28T10:00:00.000+0000,2024-04-03T20:00:00.000+0000,INEMA-BA,INEMA-BA,Fluviométrica,1,111639090 - AÇUDE ARACI MONTANTE (OLARIA DO CAPISTANA),,False,False,False,S 11° 16' 17.04'',W 39° 9' 52.92'',28/12/2020 à 03/04/2024,,,6.0,,,
"{'horEstacao': 111639090, 'horDataHora': '2023-12-10T20:00:00.000+0000'}",50496600,50496600,50496600,,AÇUDE ARACI MONTANTE (OLARIA DO CAPISTANA),-11.2714,-39.1647,,2024-02-09T15:23:11.640+0000,5,"5 - Atlântico, Trecho Leste","50 - RIOS VAZA-BARRIS,ITAPICURU E .",RIO ITAPICURU,BAHIA,ARACI,50,50500000,16,16021000,114,114,2020-12-28T10:00:00.000+0000,2024-04-03T20:00:00.000+0000,INEMA-BA,INEMA-BA,Fluviométrica,1,111639090 - AÇUDE ARACI MONTANTE (OLARIA DO CAPISTANA),,False,False,False,S 11° 16' 17.04'',W 39° 9' 52.92'',28/12/2020 à 03/04/2024,,,6.0,,,
"{'horEstacao': 111639090, 'horDataHora': '2023-12-11T10:00:00.000+0000'}",50496600,50496600,50496600,,AÇUDE ARACI MONTANTE (OLARIA DO CAPISTANA),-11.2714,-39.1647,,2024-02-09T15:23:11.640+0000,5,"5 - Atlântico, Trecho Leste","50 - RIOS VAZA-BARRIS,ITAPICURU E .",RIO ITAPICURU,BAHIA,ARACI,50,50500000,16,16021000,114,114,2020-12-28T10:00:00.000+0000,2024-04-03T20:00:00.000+0000,INEMA-BA,INEMA-BA,Fluviométrica,1,111639090 - AÇUDE ARACI MONTANTE (OLARIA DO CAPISTANA),,False,False,False,S 11° 16' 17.04'',W 39° 9' 52.92'',28/12/2020 à 03/04/2024,,,6.0,,,
"{'horEstacao': 111639090, 'horDataHora': '2023-12-11T20:00:00.000+0000'}",50496600,50496600,50496600,,AÇUDE ARACI MONTANTE (OLARIA DO CAPISTANA),-11.2714,-39.1647,,2024-02-09T15:23:11.640+0000,5,"5 - Atlântico, Trecho Leste","50 - RIOS VAZA-BARRIS,ITAPICURU E .",RIO ITAPICURU,BAHIA,ARACI,50,50500000,16,16021000,114,114,2020-12-28T10:00:00.000+0000,2024-04-03T20:00:00.000+0000,INEMA-BA,INEMA-BA,Fluviométrica,1,111639090 - AÇUDE ARACI MONTANTE (OLARIA DO CAPISTANA),,False,False,False,S 11° 16' 17.04'',W 39° 9' 52.92'',28/12/2020 à 03/04/2024,,,6.0,,,
"{'horEstacao': 111639090, 'horDataHora': '2023-12-12T10:00:00.000+0000'}",50496600,50496600,50496600,,AÇUDE ARACI MONTANTE (OLARIA DO CAPISTANA),-11.2714,-39.1647,,2024-02-09T15:23:11.640+0000,5,"5 - Atlântico, Trecho Leste","50 - RIOS VAZA-BARRIS,ITAPICURU E .",RIO ITAPICURU,BAHIA,ARACI,50,50500000,16,16021000,114,114,2020-12-28T10:00:00.000+0000,2024-04-03T20:00:00.000+0000,INEMA-BA,INEMA-BA,Fluviométrica,1,111639090 - AÇUDE ARACI MONTANTE (OLARIA DO CAPISTANA),,False,False,False,S 11° 16' 17.04'',W 39° 9' 52.92'',28/12/2020 à 03/04/2024,,,6.0,,,
"{'horEstacao': 111639090, 'horDataHora': '2023-12-13T10:00:00.000+0000'}",50496600,50496600,50496600,,AÇUDE ARACI MONTANTE (OLARIA DO CAPISTANA),-11.2714,-39.1647,,2024-02-09T15:23:11.640+0000,5,"5 - Atlântico, Trecho Leste","50 - RIOS VAZA-BARRIS,ITAPICURU E .",RIO ITAPICURU,BAHIA,ARACI,50,50500000,16,16021000,114,114,2020-12-28T10:00:00.000+0000,2024-04-03T20:00:00.000+0000,INEMA-BA,INEMA-BA,Fluviométrica,1,111639090 - AÇUDE ARACI MONTANTE (OLARIA DO CAPISTANA),,False,False,False,S 11° 16' 17.04'',W 39° 9' 52.92'',28/12/2020 à 03/04/2024,,,6.0,,,
"{'horEstacao': 111639090, 'horDataHora': '2023-12-13T20:00:00.000+0000'}",50496600,50496600,50496600,,AÇUDE ARACI MONTANTE (OLARIA DO CAPISTANA),-11.2714,-39.1647,,2024-02-09T15:23:11.640+0000,5,"5 - Atlântico, Trecho Leste","50 - RIOS VAZA-BARRIS,ITAPICURU E .",RIO ITAPICURU,BAHIA,ARACI,50,50500000,16,16021000,114,114,2020-12-28T10:00:00.000+0000,2024-04-03T20:00:00.000+0000,INEMA-BA,INEMA-BA,Fluviométrica,1,111639090 - AÇUDE ARACI MONTANTE (OLARIA DO CAPISTANA),,False,False,False,S 11° 16' 17.04'',W 39° 9' 52.92'',28/12/2020 à 03/04/2024,,,6.0,,,
"{'horEstacao': 111639090, 'horDataHora': '2023-12-14T10:00:00.000+0000'}",50496600,50496600,50496600,,AÇUDE ARACI MONTANTE (OLARIA DO CAPISTANA),-11.2714,-39.1647,,2024-02-09T15:23:11.640+0000,5,"5 - Atlântico, Trecho Leste","50 - RIOS VAZA-BARRIS,ITAPICURU E .",RIO ITAPICURU,BAHIA,ARACI,50,50500000,16,16021000,114,114,2020-12-28T10:00:00.000+0000,2024-04-03T20:00:00.000+0000,INEMA-BA,INEMA-BA,Fluviométrica,1,111639090 - AÇUDE ARACI MONTANTE (OLARIA DO CAPISTANA),,False,False,False,S 11° 16' 17.04'',W 39° 9' 52.92'',28/12/2020 à 03/04/2024,,,6.0,,,
"{'horEstacao': 111639090, 'horDataHora': '2023-12-14T20:00:00.000+0000'}",50496600,50496600,50496600,,AÇUDE ARACI MONTANTE (OLARIA DO CAPISTANA),-11.2714,-39.1647,,2024-02-09T15:23:11.640+0000,5,"5 - Atlântico, Trecho Leste","50 - RIOS VAZA-BARRIS,ITAPICURU E .",RIO ITAPICURU,BAHIA,ARACI,50,50500000,16,16021000,114,114,2020-12-28T10:00:00.000+0000,2024-04-03T20:00:00.000+0000,INEMA-BA,INEMA-BA,Fluviométrica,1,111639090 - AÇUDE ARACI MONTANTE (OLARIA DO CAPISTANA),,False,False,False,S 11° 16' 17.04'',W 39° 9' 52.92'',28/12/2020 à 03/04/2024,,,6.0,,,
"{'horEstacao': 111639090, 'horDataHora': '2023-12-15T20:00:00.000+0000'}",50496600,50496600,50496600,,AÇUDE ARACI MONTANTE (OLARIA DO CAPISTANA),-11.2714,-39.1647,,2024-02-09T15:23:11.640+0000,5,"5 - Atlântico, Trecho Leste","50 - RIOS VAZA-BARRIS,ITAPICURU E .",RIO ITAPICURU,BAHIA,ARACI,50,50500000,16,16021000,114,114,2020-12-28T10:00:00.000+0000,2024-04-03T20:00:00.000+0000,INEMA-BA,INEMA-BA,Fluviométrica,1,111639090 - AÇUDE ARACI MONTANTE (OLARIA DO CAPISTANA),,False,False,False,S 11° 16' 17.04'',W 39° 9' 52.92'',28/12/2020 à 03/04/2024,,,6.0,,,
"{'horEstacao': 111639090, 'horDataHora': '2023-12-16T10:00:00.000+0000'}",50496600,50496600,50496600,,AÇUDE ARACI MONTANTE (OLARIA DO CAPISTANA),-11.2714,-39.1647,,2024-02-09T15:23:11.640+0000,5,"5 - Atlântico, Trecho Leste","50 - RIOS VAZA-BARRIS,ITAPICURU E .",RIO ITAPICURU,BAHIA,ARACI,50,50500000,16,16021000,114,114,2020-12-28T10:00:00.000+0000,2024-04-03T20:00:00.000+0000,INEMA-BA,INEMA-BA,Fluviométrica,1,111639090 - AÇUDE ARACI MONTANTE (OLARIA DO CAPISTANA),,False,False,False,S 11° 16' 17.04'',W 39° 9' 52.92'',28/12/2020 à 03/04/2024,,,6.0,,,
"{'horEstacao': 111639090, 'horDataHora': '2023-12-16T20:00:00.000+0000'}",50496600,50496600,50496600,,AÇUDE ARACI MONTANTE (OLARIA DO CAPISTANA),-11.2714,-39.1647,,2024-02-09T15:23:11.640+0000,5,"5 - Atlântico, Trecho Leste","50 - RIOS VAZA-BARRIS,ITAPICURU E .",RIO ITAPICURU,BAHIA,ARACI,50,50500000,16,16021000,114,114,2020-12-28T10:00:00.000+0000,2024-04-03T20:00:00.000+0000,INEMA-BA,INEMA-BA,Fluviométrica,1,111639090 - AÇUDE ARACI MONTANTE (OLARIA DO CAPISTANA),,False,False,False,S 11° 16' 17.04'',W 39° 9' 52.92'',28/12/2020 à 03/04/2024,,,6.0,,,
"{'horEstacao': 111639090, 'horDataHora': '2023-12-17T10:00:00.000+0000'}",50496600,50496600,50496600,,AÇUDE ARACI MONTANTE (OLARIA DO CAPISTANA),-11.2714,-39.1647,,2024-02-09T15:23:11.640+0000,5,"5 - Atlântico, Trecho Leste","50 - RIOS VAZA-BARRIS,ITAPICURU E .",RIO ITAPICURU,BAHIA,ARACI,50,50500000,16,16021000,114,114,2020-12-28T10:00:00.000+0000,2024-04-03T20:00:00.000+0000,INEMA-BA,INEMA-BA,Fluviométrica,1,111639090 - AÇUDE ARACI MONTANTE (OLARIA DO CAPISTANA),,False,False,False,S 11° 16' 17.04'',W 39° 9' 52.92'',28/12/2020 à 03/04/2024,,,6.0,,,
"{'horEstacao': 111639090, 'horDataHora': '2023-12-17T20:00:00.000+0000'}",50496600,50496600,50496600,,AÇUDE ARACI MONTANTE (OLARIA DO CAPISTANA),-11.2714,-39.1647,,2024-02-09T15:23:11.640+0000,5,"5 - Atlântico, Trecho Leste","50 - RIOS VAZA-BARRIS,ITAPICURU E .",RIO ITAPICURU,BAHIA,ARACI,50,50500000,16,16021000,114,114,2020-12-28T10:00:00.000+0000,2024-04-03T20:00:00.000+0000,INEMA-BA,INEMA-BA,Fluviométrica,1,111639090 - AÇUDE ARACI MONTANTE (OLARIA DO CAPISTANA),,False,False,False,S 11° 16' 17.04'',W 39° 9' 52.92'',28/12/2020 à 03/04/2024,,,6.0,,,
"{'horEstacao': 111639090, 'horDataHora': '2023-12-18T10:00:00.000+0000'}",50496600,50496600,50496600,,AÇUDE ARACI MONTANTE (OLARIA DO CAPISTANA),-11.2714,-39.1647,,2024-02-09T15:23:11.640+0000,5,"5 - Atlântico, Trecho Leste","50 - RIOS VAZA-BARRIS,ITAPICURU E .",RIO ITAPICURU,BAHIA,ARACI,50,50500000,16,16021000,114,114,2020-12-28T10:00:00.000+0000,2024-04-03T20:00:00.000+0000,INEMA-BA,INEMA-BA,Fluviométrica,1,111639090 - AÇUDE ARACI MONTANTE (OLARIA DO CAPISTANA),,False,False,False,S 11° 16' 17.04'',W 39° 9' 52.92'',28/12/2020 à 03/04/2024,,,6.0,,,
"{'horEstacao': 111639090, 'horDataHora': '2023-12-18T20:00:00.000+0000'}",50496600,50496600,50496600,,AÇUDE ARACI MONTANTE (OLARIA DO CAPISTANA),-11.2714,-39.1647,,2024-02-09T15:23:11.640+0000,5,"5 - Atlântico, Trecho Leste","50 - RIOS VAZA-BARRIS,ITAPICURU E .",RIO ITAPICURU,BAHIA,ARACI,50,50500000,16,16021000,114,114,2020-12-28T10:00:00.000+0000,2024-04-03T20:00:00.000+0000,INEMA-BA,INEMA-BA,Fluviométrica,1,111639090 - AÇUDE ARACI MONTANTE (OLARIA DO CAPISTANA),,False,False,False,S 11° 16' 17.04'',W 39° 9' 52.92'',28/12/2020 à 03/04/2024,,,6.0,,,
"{'horEstacao': 111639090, 'horDataHora': '2023-12-19T10:00:00.000+0000'}",50496600,50496600,50496600,,AÇUDE ARACI MONTANTE (OLARIA DO CAPISTANA),-11.2714,-39.1647,,2024-02-09T15:23:11.640+0000,5,"5 - Atlântico, Trecho Leste","50 - RIOS VAZA-BARRIS,ITAPICURU E .",RIO ITAPICURU,BAHIA,ARACI,50,50500000,16,16021000,114,114,2020-12-28T10:00:00.000+0000,2024-04-03T20:00:00.000+0000,INEMA-BA,INEMA-BA,Fluviométrica,1,111639090 - AÇUDE ARACI MONTANTE (OLARIA DO CAPISTANA),,False,False,False,S 11° 16' 17.04'',W 39° 9' 52.92'',28/12/2020 à 03/04/2024,,,6.0,,,
"{'horEstacao': 111639090, 'horDataHora': '2023-12-19T20:00:00.000+0000'}",50496600,50496600,50496600,,AÇUDE ARACI MONTANTE (OLARIA DO CAPISTANA),-11.2714,-39.1647,,2024-02-09T15:23:11.640+0000,5,"5 - Atlântico, Trecho Leste","50 - RIOS VAZA-BARRIS,ITAPICURU E .",RIO ITAPICURU,BAHIA,ARACI,50,50500000,16,16021000,114,114,2020-12-28T10:00:00.000+0000,2024-04-03T20:00:00.000+0000,INEMA-BA,INEMA-BA,Fluviométrica,1,111639090 - AÇUDE ARACI MONTANTE (OLARIA DO CAPISTANA),,False,False,False,S 11° 16' 17.04'',W 39° 9' 52.92'',28/12/2020 à 03/04/2024,,,6.0,,,
"{'horEstacao': 111639090, 'horDataHora': '2023-12-20T10:00:00.000+0000'}",50496600,50496600,50496600,,AÇUDE ARACI MONTANTE (OLARIA DO CAPISTANA),-11.2714,-39.1647,,2024-02-09T15:23:11.640+0000,5,"5 - Atlântico, Trecho Leste","50 - RIOS VAZA-BARRIS,ITAPICURU E .",RIO ITAPICURU,BAHIA,ARACI,50,50500000,16,16021000,114,114,2020-12-28T10:00:00.000+0000,2024-04-03T20:00:00.000+0000,INEMA-BA,INEMA-BA,Fluviométrica,1,111639090 - AÇUDE ARACI MONTANTE (OLARIA DO CAPISTANA),,False,False,False,S 11° 16' 17.04'',W 39° 9' 52.92'',28/12/2020 à 03/04/2024,,,6.0,,,
"{'horEstacao': 111639090, 'horDataHora': '2023-12-20T20:00:00.000+0000'}",50496600,50496600,50496600,,AÇUDE ARACI MONTANTE (OLARIA DO CAPISTANA),-11.2714,-39.1647,,2024-02-09T15:23:11.640+0000,5,"5 - Atlântico, Trecho Leste","50 - RIOS VAZA-BARRIS,ITAPICURU E .",RIO ITAPICURU,BAHIA,ARACI,50,50500000,16,16021000,114,114,2020-12-28T10:00:00.000+0000,2024-04-03T20:00:00.000+0000,INEMA-BA,INEMA-BA,Fluviométrica,1,111639090 - AÇUDE ARACI MONTANTE (OLARIA DO CAPISTANA),,False,False,False,S 11° 16' 17.04'',W 39° 9' 52.92'',28/12/2020 à 03/04/2024,,,6.0,,,
"{'horEstacao': 111639090, 'horDataHora': '2023-12-21T10:00:00.000+0000'}",50496600,50496600,50496600,,AÇUDE ARACI MONTANTE (OLARIA DO CAPISTANA),-11.2714,-39.1647,,2024-02-09T15:23:11.640+0000,5,"5 - Atlântico, Trecho Leste","50 - RIOS VAZA-BARRIS,ITAPICURU E .",RIO ITAPICURU,BAHIA,ARACI,50,50500000,16,16021000,114,114,2020-12-28T10:00:00.000+0000,2024-04-03T20:00:00.000+0000,INEMA-BA,INEMA-BA,Fluviométrica,1,111639090 - AÇUDE ARACI MONTANTE (OLARIA DO CAPISTANA),,False,False,False,S 11° 16' 17.04'',W 39° 9' 52.92'',28/12/2020 à 03/04/2024,,,6.0,,,
"{'horEstacao': 111639090, 'horDataHora': '2023-12-21T20:00:00.000+0000'}",50496600,50496600,50496600,,AÇUDE ARACI MONTANTE (OLARIA DO CAPISTANA),-11.2714,-39.1647,,2024-02-09T15:23:11.640+0000,5,"5 - Atlântico, Trecho Leste","50 - RIOS VAZA-BARRIS,ITAPICURU E .",RIO ITAPICURU,BAHIA,ARACI,50,50500000,16,16021000,114,114,2020-12-28T10:00:00.000+0000,2024-04-03T20:00:00.000+0000,INEMA-BA,INEMA-BA,Fluviométrica,1,111639090 - AÇUDE ARACI MONTANTE (OLARIA DO CAPISTANA),,False,False,False,S 11° 16' 17.04'',W 39° 9' 52.92'',28/12/2020 à 03/04/2024,,,6.0,,,
"{'horEstacao': 111639090, 'horDataHora': '2023-12-22T10:00:00.000+0000'}",50496600,50496600,50496600,,AÇUDE ARACI MONTANTE (OLARIA DO CAPISTANA),-11.2714,-39.1647,,2024-02-09T15:23:11.640+0000,5,"5 - Atlântico, Trecho Leste","50 - RIOS VAZA-BARRIS,ITAPICURU E .",RIO ITAPICURU,BAHIA,ARACI,50,50500000,16,16021000,114,114,2020-12-28T10:00:00.000+0000,2024-04-03T20:00:00.000+0000,INEMA-BA,INEMA-BA,Fluviométrica,1,111639090 - AÇUDE ARACI MONTANTE (OLARIA DO CAPISTANA),,False,False,False,S 11° 16' 17.04'',W 39° 9' 52.92'',28/12/2020 à 03/04/2024,,,6.0,,,
"{'horEstacao': 111639090, 'horDataHora': '2023-12-22T20:00:00.000+0000'}",50496600,50496600,50496600,,AÇUDE ARACI MONTANTE (OLARIA DO CAPISTANA),-11.2714,-39.1647,,2024-02-09T15:23:11.640+0000,5,"5 - Atlântico, Trecho Leste","50 - RIOS VAZA-BARRIS,ITAPICURU E .",RIO ITAPICURU,BAHIA,ARACI,50,50500000,16,16021000,114,114,2020-12-28T10:00:00.000+0000,2024-04-03T20:00:00.000+0000,INEMA-BA,INEMA-BA,Fluviométrica,1,111639090 - AÇUDE ARACI MONTANTE (OLARIA DO CAPISTANA),,False,False,False,S 11° 16' 17.04'',W 39° 9' 52.92'',28/12/2020 à 03/04/2024,,,6.0,,,
"{'horEstacao': 111639090, 'horDataHora': '2023-12-23T10:00:00.000+0000'}",50496600,50496600,50496600,,AÇUDE ARACI MONTANTE (OLARIA DO CAPISTANA),-11.2714,-39.1647,,2024-02-09T15:23:11.640+0000,5,"5 - Atlântico, Trecho Leste","50 - RIOS VAZA-BARRIS,ITAPICURU E .",RIO ITAPICURU,BAHIA,ARACI,50,50500000,16,16021000,114,114,2020-12-28T10:00:00.000+0000,2024-04-03T20:00:00.000+0000,INEMA-BA,INEMA-BA,Fluviométrica,1,111639090 - AÇUDE ARACI MONTANTE (OLARIA DO CAPISTANA),,False,False,False,S 11° 16' 17.04'',W 39° 9' 52.92'',28/12/2020 à 03/04/2024,,,6.0,,,
"{'horEstacao': 111639090, 'horDataHora': '2023-12-23T20:00:00.000+0000'}",50496600,50496600,50496600,,AÇUDE ARACI MONTANTE (OLARIA DO CAPISTANA),-11.2714,-39.1647,,2024-02-09T15:23:11.640+0000,5,"5 - Atlântico, Trecho Leste","50 - RIOS VAZA-BARRIS,ITAPICURU E .",RIO ITAPICURU,BAHIA,ARACI,50,50500000,16,16021000,114,114,2020-12-28T10:00:00.000+0000,2024-04-03T20:00:00.000+0000,INEMA-BA,INEMA-BA,Fluviométrica,1,111639090 - AÇUDE ARACI MONTANTE (OLARIA DO CAPISTANA),,False,False,False,S 11° 16' 17.04'',W 39° 9' 52.92'',28/12/2020 à 03/04/2024,,,6.0,,,
"{'horEstacao': 111639090, 'horDataHora': '2023-12-24T10:00:00.000+0000'}",50496600,50496600,50496600,,AÇUDE ARACI MONTANTE (OLARIA DO CAPISTANA),-11.2714,-39.1647,,2024-02-09T15:23:11.640+0000,5,"5 - Atlântico, Trecho Leste","50 - RIOS VAZA-BARRIS,ITAPICURU E .",RIO ITAPICURU,BAHIA,ARACI,50,50500000,16,16021000,114,114,2020-12-28T10:00:00.000+0000,2024-04-03T20:00:00.000+0000,INEMA-BA,INEMA-BA,Fluviométrica,1,111639090 - AÇUDE ARACI MONTANTE (OLARIA DO CAPISTANA),,False,False,False,S 11° 16' 17.04'',W 39° 9' 52.92'',28/12/2020 à 03/04/2024,,,6.0,,,
"{'horEstacao': 111639090, 'horDataHora': '2023-12-24T20:00:00.000+0000'}",50496600,50496600,50496600,,AÇUDE ARACI MONTANTE (OLARIA DO CAPISTANA),-11.2714,-39.1647,,2024-02-09T15:23:11.640+0000,5,"5 - Atlântico, Trecho Leste","50 - RIOS VAZA-BARRIS,ITAPICURU E .",RIO ITAPICURU,BAHIA,ARACI,50,50500000,16,16021000,114,114,2020-12-28T10:00:00.000+0000,2024-04-03T20:00:00.000+0000,INEMA-BA,INEMA-BA,Fluviométrica,1,111639090 - AÇUDE ARACI MONTANTE (OLARIA DO CAPISTANA),,False,False,False,S 11° 16' 17.04'',W 39° 9' 52.92'',28/12/2020 à 03/04/2024,,,6.0,,,
"{'horEstacao': 111639090, 'horDataHora': '2023-12-25T10:00:00.000+0000'}",50496600,50496600,50496600,,AÇUDE ARACI MONTANTE (OLARIA DO CAPISTANA),-11.2714,-39.1647,,2024-02-09T15:23:11.640+0000,5,"5 - Atlântico, Trecho Leste","50 - RIOS VAZA-BARRIS,ITAPICURU E .",RIO ITAPICURU,BAHIA,ARACI,50,50500000,16,16021000,114,114,2020-12-28T10:00:00.000+0000,2024-04-03T20:00:00.000+0000,INEMA-BA,INEMA-BA,Fluviométrica,1,111639090 - AÇUDE ARACI MONTANTE (OLARIA DO CAPISTANA),,False,False,False,S 11° 16' 17.04'',W 39° 9' 52.92'',28/12/2020 à 03/04/2024,,,6.0,,,
"{'horEstacao': 111639090, 'horDataHora': '2023-12-25T20:00:00.000+0000'}",50496600,50496600,50496600,,AÇUDE ARACI MONTANTE (OLARIA DO CAPISTANA),-11.2714,-39.1647,,2024-02-09T15:23:11.640+0000,5,"5 - Atlântico, Trecho Leste","50 - RIOS VAZA-BARRIS,ITAPICURU E .",RIO ITAPICURU,BAHIA,ARACI,50,50500000,16,16021000,114,114,2020-12-28T10:00:00.000+0000,2024-04-03T20:00:00.000+0000,INEMA-BA,INEMA-BA,Fluviométrica,1,111639090 - AÇUDE ARACI MONTANTE (OLARIA DO CAPISTANA),,False,False,False,S 11° 16' 17.04'',W 39° 9' 52.92'',28/12/2020 à 03/04/2024,,,6.0,,,
"{'horEstacao': 111639090, 'horDataHora': '2023-12-26T10:00:00.000+0000'}",50496600,50496600,50496600,,AÇUDE ARACI MONTANTE (OLARIA DO CAPISTANA),-11.2714,-39.1647,,2024-02-09T15:23:11.640+0000,5,"5 - Atlântico, Trecho Leste","50 - RIOS VAZA-BARRIS,ITAPICURU E .",RIO ITAPICURU,BAHIA,ARACI,50,50500000,16,16021000,114,114,2020-12-28T10:00:00.000+0000,2024-04-03T20:00:00.000+0000,INEMA-BA,INEMA-BA,Fluviométrica,1,111639090 - AÇUDE ARACI MONTANTE (OLARIA DO CAPISTANA),,False,False,False,S 11° 16' 17.04'',W 39° 9' 52.92'',28/12/2020 à 03/04/2024,,,6.0,,,
"{'horEstacao': 111639090, 'horDataHora': '2023-12-26T20:00:00.000+0000'}",50496600,50496600,50496600,,AÇUDE ARACI MONTANTE (OLARIA DO CAPISTANA),-11.2714,-39.1647,,2024-02-09T15:23:11.640+0000,5,"5 - Atlântico, Trecho Leste","50 - RIOS VAZA-BARRIS,ITAPICURU E .",RIO ITAPICURU,BAHIA,ARACI,50,50500000,16,16021000,114,114,2020-12-28T10:00:00.000+0000,2024-04-03T20:00:00.000+0000,INEMA-BA,INEMA-BA,Fluviométrica,1,111639090 - AÇUDE ARACI MONTANTE (OLARIA DO CAPISTANA),,False,False,False,S 11° 16' 17.04'',W 39° 9' 52.92'',28/12/2020 à 03/04/2024,,,6.0,,,
"{'horEstacao': 111639090, 'horDataHora': '2023-12-27T10:00:00.000+0000'}",50496600,50496600,50496600,,AÇUDE ARACI MONTANTE (OLARIA DO CAPISTANA),-11.2714,-39.1647,,2024-02-09T15:23:11.640+0000,5,"5 - Atlântico, Trecho Leste","50 - RIOS VAZA-BARRIS,ITAPICURU E .",RIO ITAPICURU,BAHIA,ARACI,50,50500000,16,16021000,114,114,2020-12-28T10:00:00.000+0000,2024-04-03T20:00:00.000+0000,INEMA-BA,INEMA-BA,Fluviométrica,1,111639090 - AÇUDE ARACI MONTANTE (OLARIA DO CAPISTANA),,False,False,False,S 11° 16' 17.04'',W 39° 9' 52.92'',28/12/2020 à 03/04/2024,,,6.0,,,
"{'horEstacao': 111639090, 'horDataHora': '2023-12-27T20:00:00.000+0000'}",50496600,50496600,50496600,,AÇUDE ARACI MONTANTE (OLARIA DO CAPISTANA),-11.2714,-39.1647,,2024-02-09T15:23:11.640+0000,5,"5 - Atlântico, Trecho Leste","50 - RIOS VAZA-BARRIS,ITAPICURU E .",RIO ITAPICURU,BAHIA,ARACI,50,50500000,16,16021000,114,114,2020-12-28T10:00:00.000+0000,2024-04-03T20:00:00.000+0000,INEMA-BA,INEMA-BA,Fluviométrica,1,111639090 - AÇUDE ARACI MONTANTE (OLARIA DO CAPISTANA),,False,False,False,S 11° 16' 17.04'',W 39° 9' 52.92'',28/12/2020 à 03/04/2024,,,6.0,,,
"{'horEstacao': 111639090, 'horDataHora': '2023-12-28T10:00:00.000+0000'}",50496600,50496600,50496600,,AÇUDE ARACI MONTANTE (OLARIA DO CAPISTANA),-11.2714,-39.1647,,2024-02-09T15:23:11.640+0000,5,"5 - Atlântico, Trecho Leste","50 - RIOS VAZA-BARRIS,ITAPICURU E .",RIO ITAPICURU,BAHIA,ARACI,50,50500000,16,16021000,114,114,2020-12-28T10:00:00.000+0000,2024-04-03T20:00:00.000+0000,INEMA-BA,INEMA-BA,Fluviométrica,1,111639090 - AÇUDE ARACI MONTANTE (OLARIA DO CAPISTANA),,False,False,False,S 11° 16' 17.04'',W 39° 9' 52.92'',28/12/2020 à 03/04/2024,,,6.0,,,
"{'horEstacao': 111639090, 'horDataHora': '2023-12-28T20:00:00.000+0000'}",50496600,50496600,50496600,,AÇUDE ARACI MONTANTE (OLARIA DO CAPISTANA),-11.2714,-39.1647,,2024-02-09T15:23:11.640+0000,5,"5 - Atlântico, Trecho Leste","50 - RIOS VAZA-BARRIS,ITAPICURU E .",RIO ITAPICURU,BAHIA,ARACI,50,50500000,16,16021000,114,114,2020-12-28T10:00:00.000+0000,2024-04-03T20:00:00.000+0000,INEMA-BA,INEMA-BA,Fluviométrica,1,111639090 - AÇUDE ARACI MONTANTE (OLARIA DO CAPISTANA),,False,False,False,S 11° 16' 17.04'',W 39° 9' 52.92'',28/12/2020 à 03/04/2024,,,6.0,,,
"{'horEstacao': 111639090, 'horDataHora': '2023-12-29T10:00:00.000+0000'}",50496600,50496600,50496600,,AÇUDE ARACI MONTANTE (OLARIA DO CAPISTANA),-11.2714,-39.1647,,2024-02-09T15:23:11.640+0000,5,"5 - Atlântico, Trecho Leste","50 - RIOS VAZA-BARRIS,ITAPICURU E .",RIO ITAPICURU,BAHIA,ARACI,50,50500000,16,16021000,114,114,2020-12-28T10:00:00.000+0000,2024-04-03T20:00:00.000+0000,INEMA-BA,INEMA-BA,Fluviométrica,1,111639090 - AÇUDE ARACI MONTANTE (OLARIA DO CAPISTANA),,False,False,False,S 11° 16' 17.04'',W 39° 9' 52.92'',28/12/2020 à 03/04/2024,,,6.0,,,
"{'horEstacao': 111639090, 'horDataHora': '2023-12-29T20:00:00.000+0000'}",50496600,50496600,50496600,,AÇUDE ARACI MONTANTE (OLARIA DO CAPISTANA),-11.2714,-39.1647,,2024-02-09T15:23:11.640+0000,5,"5 - Atlântico, Trecho Leste","50 - RIOS VAZA-BARRIS,ITAPICURU E .",RIO ITAPICURU,BAHIA,ARACI,50,50500000,16,16021000,114,114,2020-12-28T10:00:00.000+0000,2024-04-03T20:00:00.000+0000,INEMA-BA,INEMA-BA,Fluviométrica,1,111639090 - AÇUDE ARACI MONTANTE (OLARIA DO CAPISTANA),,False,False,False,S 11° 16' 17.04'',W 39° 9' 52.92'',28/12/2020 à 03/04/2024,,,6.0,,,
"{'horEstacao': 111639090, 'horDataHora': '2023-12-30T10:00:00.000+0000'}",50496600,50496600,50496600,,AÇUDE ARACI MONTANTE (OLARIA DO CAPISTANA),-11.2714,-39.1647,,2024-02-09T15:23:11.640+0000,5,"5 - Atlântico, Trecho Leste","50 - RIOS VAZA-BARRIS,ITAPICURU E .",RIO ITAPICURU,BAHIA,ARACI,50,50500000,16,16021000,114,114,2020-12-28T10:00:00.000+0000,2024-04-03T20:00:00.000+0000,INEMA-BA,INEMA-BA,Fluviométrica,1,111639090 - AÇUDE ARACI MONTANTE (OLARIA DO CAPISTANA),,False,False,False,S 11° 16' 17.04'',W 39° 9' 52.92'',28/12/2020 à 03/04/2024,,,6.0,,,
"{'horEstacao': 111639090, 'horDataHora': '2023-12-30T20:00:00.000+0000'}",50496600,50496600,50496600,,AÇUDE ARACI MONTANTE (OLARIA DO CAPISTANA),-11.2714,-39.1647,,2024-02-09T15:23:11.640+0000,5,"5 - Atlântico, Trecho Leste","50 - RIOS VAZA-BARRIS,ITAPICURU E .",RIO ITAPICURU,BAHIA,ARACI,50,50500000,16,16021000,114,114,2020-12-28T10:00:00.000+0000,2024-04-03T20:00:00.000+0000,INEMA-BA,INEMA-BA,Fluviométrica,1,111639090 - AÇUDE ARACI MONTANTE (OLARIA DO CAPISTANA),,False,False,False,S 11° 16' 17.04'',W 39° 9' 52.92'',28/12/2020 à 03/04/2024,,,6.0,,,
"{'horEstacao': 111639090, 'horDataHora': '2023-12-31T10:00:00.000+0000'}",50496600,50496600,50496600,,AÇUDE ARACI MONTANTE (OLARIA DO CAPISTANA),-11.2714,-39.1647,,2024-02-09T15:23:11.640+0000,5,"5 - Atlântico, Trecho Leste","50 - RIOS VAZA-BARRIS,ITAPICURU E .",RIO ITAPICURU,BAHIA,ARACI,50,50500000,16,16021000,114,114,2020-12-28T10:00:00.000+0000,2024-04-03T20:00:00.000+0000,INEMA-BA,INEMA-BA,Fluviométrica,1,111639090 - AÇUDE ARACI MONTANTE (OLARIA DO CAPISTANA),,False,False,False,S 11° 16' 17.04'',W 39° 9' 52.92'',28/12/2020 à 03/04/2024,,,6.0,,,
"{'horEstacao': 111639090, 'horDataHora': '2023-12-31T20:00:00.000+0000'}",50496600,50496600,50496600,,AÇUDE ARACI MONTANTE (OLARIA DO CAPISTANA),-11.2714,-39.1647,,2024-02-09T15:23:11.640+0000,5,"5 - Atlântico, Trecho Leste","50 - RIOS VAZA-BARRIS,ITAPICURU E .",RIO ITAPICURU,BAHIA,ARACI,50,50500000,16,16021000,114,114,2020-12-28T10:00:00.000+0000,2024-04-03T20:00:00.000+0000,INEMA-BA,INEMA-BA,Fluviométrica,1,111639090 - AÇUDE ARACI MONTANTE (OLARIA DO CAPISTANA),,False,False,False,S 11° 16' 17.04'',W 39° 9' 52.92'',28/12/2020 à 03/04/2024,,,6.0,,,
